[-3.589371681213379,[-0.48165619373321533,-0.27449119091033936,-0.9850679636001587,-0.5849279165267944,1.5443305969238281,-0.9722484350204468,-0.24121570587158203,1.014575481414795,-0.7657173871994019,0.9020506739616394,0.6826827526092529,-1.1712449789047241,-0.569393515586853,-0.3203500509262085,-0.0022253990173339844,-0.8173724412918091,-0.5315436124801636,0.8235522508621216,1.2243448495864868,1.5259171724319458],[0.2705530524253845,-0.08732108771800995,-0.11258060485124588,0.1879240721464157,-0.22486820816993713,-0.19175377488136292,0.24569372832775116,0.13971303403377533,0.22126777470111847,0.0201779305934906,-0.10378772020339966,0.19275839626789093,-1.5761291980743408,0.2276187390089035,0.5070427656173706,0.12545622885227203,0.22896458208560944,0.3244231343269348,-0.18876439332962036,-0.20638881623744965],[0.40201982855796814,0.4643845856189728,-0.18439054489135742,-0.20180636644363403,-0.682081401348114,0.3737177550792694,0.003657102584838867,-0.12490567564964294,0.023845314979553223,-0.24404583871364594,0.12342944741249084,0.16002890467643738,0.48174217343330383,0.12540259957313538,0.019025534391403198,0.3938545882701874,0.12953203916549683,-0.1467890590429306,-0.7568219900131226,-0.3597998321056366],[0.37400543689727783,0.5143369436264038,1.0740835666656494,0.7012900114059448,-0.9119646549224854,0.046846628189086914,-0.25459814071655273,-0.20661693811416626,-0.2813696265220642,-0.1300675868988037,0.40437638759613037,0.4944254159927368,0.010132908821105957,0.43491649627685547,-0.9403867721557617,0.3690735101699829,0.24816274642944336,-0.2517161965370178,-0.6189870834350586,-1.0759446620941162],[0.05321270227432251,-0.21361202001571655,-0.007241398096084595,0.07624533772468567,-0.3178909420967102,0.0993887186050415,0.027526140213012695,-0.15614306926727295,0.2414335310459137,-0.09199367463588715,-0.15478308498859406,0.040720999240875244,0.7033647298812866,0.11013787984848022,0.08043652772903442,0.1655503213405609,0.1107407808303833,-0.020913898944854736,-0.43867409229278564,-0.30750545859336853],[0.351324200630188,0.17348051071166992,0.40061283111572266,-0.483104944229126,-0.5940267443656921,0.1728566288948059,-0.3504607081413269,0.12249201536178589,-0.2766372859477997,-0.0016811490058898926,-0.4963763654232025,0.857109785079956,0.455954909324646,-0.7106884121894836,-0.01726740598678589,0.6417371034622192,0.8160229921340942,0.4363909959793091,-0.7277464270591736,-0.7699947357177734],[0.01200428418815136,0.03694695606827736,-0.08153361082077026,0.0793071836233139,0.0876588299870491,-0.16285443305969238,0.04446914419531822,0.02304595522582531,-0.29741933941841125,0.22742821276187897,0.1385258436203003,0.2036384493112564,0.12239519506692886,0.09945356845855713,0.0025811274535954,-0.23709475994110107,-0.4336615204811096,0.0033135483972728252,0.1373937427997589,-0.005598298739641905],[-0.04349726438522339,-0.07565891742706299,-0.6572709083557129,-0.051567524671554565,0.23456305265426636,-0.1067744791507721,0.18794941902160645,-0.06562098860740662,0.18773163855075836,0.27498048543930054,0.18016530573368073,-0.3046260476112366,-0.01339384913444519,0.1593388170003891,0.28590157628059387,-0.17548134922981262,-0.3604987859725952,-0.11271524429321289,0.1490553617477417,0.3074198365211487],[0.54670250415802,0.5433881282806396,0.15504497289657593,0.041649796068668365,-0.15133517980575562,0.564578652381897,-0.027439597994089127,-0.22004584968090057,-0.4844028055667877,-0.08020773530006409,0.13940243422985077,-0.26838281750679016,-0.683227002620697,0.3288711607456207,-0.20150025188922882,0.3331245481967926,-0.3766907751560211,-0.1319618970155716,-0.03516092523932457,0.007592667825520039],[[-0.10405328869819641,-0.00816003605723381,0.09378989785909653,0.013361532241106033,-0.1094808280467987,0.16546913981437683,-0.05048569664359093,-0.09492619335651398,0.20634587109088898,-0.1063380017876625,-0.13657282292842865,-0.0013917721807956696,0.08908054232597351,0.11934944242238998,0.024030093103647232,0.0662824735045433,-0.01993568241596222,-0.010515718720853329,-0.10334871709346771,-0.03249988704919815],[-0.00816003605723381,0.014405056834220886,-0.11246594041585922,0.04008198156952858,-0.05396147072315216,0.07812829315662384,0.13799211382865906,0.030513904988765717,-0.05436988174915314,0.0363505594432354,0.07028456777334213,-0.03068585693836212,-0.09177619963884354,-0.13515082001686096,0.06409928947687149,0.006633952260017395,-0.016798853874206543,0.055764827877283096,-0.02124572917819023,-0.009639576077461243],[0.09378989785909653,-0.11246594041585922,-0.5839730501174927,-0.22811633348464966,0.13104583323001862,0.1839752346277237,0.05464909225702286,0.019934993237257004,0.03822818771004677,0.1447768211364746,0.2544555068016052,-0.23302972316741943,0.03535061329603195,0.08493128418922424,0.10601314902305603,-0.06747984141111374,-0.12937462329864502,0.03692293167114258,-0.0169638954102993,0.187329962849617],[0.013361532241106033,0.04008198156952858,-0.22811633348464966,0.12384894490242004,0.07038556039333344,-0.23226889967918396,0.07596220076084137,0.055843763053417206,-0.05960642918944359,0.09723205864429474,0.13531090319156647,-0.4077158570289612,-0.011677972972393036,0.07484807819128036,0.05013640224933624,-0.08763469755649567,-0.006724737584590912,0.10171202570199966,0.07119426131248474,0.12382743507623672],[-0.1094808280467987,-0.05396147072315216,0.13104583323001862,0.07038556039333344,0.03551259636878967,0.07256252318620682,0.05464383587241173,0.005494322627782822,-0.021851565688848495,0.02133716084063053,-0.01463123969733715,-0.06091783940792084,0.011094622313976288,-0.10965558886528015,-0.09122399240732193,-0.021271198987960815,0.005578155629336834,-0.006416942924261093,-0.0005213338881731033,0.08227752894163132],[0.16546913981437683,0.07812829315662384,0.1839752346277237,-0.23226889967918396,0.07256252318620682,-0.24428293108940125,0.10251878947019577,0.00036153197288513184,0.10030123591423035,-0.057922638952732086,-0.16038577258586884,-0.004462722688913345,0.013495037332177162,0.1437733769416809,0.17030678689479828,-0.1786813735961914,-0.1305643618106842,0.12069869786500931,-0.12315260618925095,-0.01986910030245781],[-0.05048569664359093,0.13799211382865906,0.05464909225702286,0.07596220076084137,0.05464383587241173,0.10251878947019577,0.18047666549682617,0.0418669618666172,-0.05640621483325958,0.05861782282590866,-0.11090147495269775,-0.12666960060596466,-0.0251186303794384,-0.20730942487716675,0.04003959521651268,0.058160603046417236,-0.007450655102729797,0.07919854670763016,0.015335632488131523,-0.3151198625564575],[-0.09492619335651398,0.030513904988765717,0.019934993237257004,0.055843763053417206,0.005494322627782822,0.00036153197288513184,0.0418669618666172,-0.007802754640579224,-0.04483426362276077,0.007689375430345535,0.0831020325422287,-0.07014073431491852,0.11345547437667847,0.0867321789264679,-0.14316537976264954,-0.0205371156334877,0.0602751225233078,-0.06391806900501251,-0.05435015633702278,-0.0055947378277778625],[0.20634587109088898,-0.05436988174915314,0.03822818771004677,-0.05960642918944359,-0.021851565688848495,0.10030123591423035,-0.05640621483325958,-0.04483426362276077,-0.1282358467578888,-0.24119389057159424,-0.03234829008579254,0.29785069823265076,-0.053671132773160934,-0.03589942306280136,0.13358455896377563,0.19280913472175598,-0.07988094538450241,-0.053658515214920044,-0.07875194400548935,-0.028411202132701874],[-0.1063380017876625,0.0363505594432354,0.1447768211364746,0.09723205864429474,0.02133716084063053,-0.057922638952732086,0.05861782282590866,0.007689375430345535,-0.24119389057159424,0.040978893637657166,0.04824581742286682,0.048911385238170624,-0.008057748898863792,0.05533982813358307,-0.050186559557914734,-0.04761313647031784,0.004001453518867493,-0.03898360952734947,-0.011533668264746666,-0.0016516875475645065],[-0.13657282292842865,0.07028456777334213,0.2544555068016052,0.13531090319156647,-0.01463123969733715,-0.16038577258586884,-0.11090147495269775,0.0831020325422287,-0.03234829008579254,0.04824581742286682,0.0207565575838089,-0.01166253536939621,-0.10181590914726257,-0.0019286870956420898,0.00023353192955255508,-0.047808386385440826,-0.012273309752345085,0.041418541222810745,-0.017372537404298782,-0.006106209009885788],[-0.0013917721807956696,-0.03068585693836212,-0.23302972316741943,-0.4077158570289612,-0.06091783940792084,-0.004462722688913345,-0.12666960060596466,-0.07014073431491852,0.29785069823265076,0.048911385238170624,-0.01166253536939621,0.29656654596328735,0.0194924995303154,-0.02950836718082428,0.11393705010414124,-0.08222959190607071,0.06242591142654419,0.03383807837963104,0.27798768877983093,-0.09259490668773651],[0.08908054232597351,-0.09177619963884354,0.03535061329603195,-0.011677972972393036,0.011094622313976288,0.013495037332177162,-0.0251186303794384,0.11345547437667847,-0.053671132773160934,-0.008057748898863792,-0.10181590914726257,0.0194924995303154,1.30385160446167e-08,0.0017582252621650696,-0.057851433753967285,0.023273304104804993,0.04080798476934433,-0.11981192976236343,0.06260266900062561,0.05937011539936066],[0.11934944242238998,-0.13515082001686096,0.08493128418922424,0.07484807819128036,-0.10965558886528015,0.1437733769416809,-0.20730942487716675,0.0867321789264679,-0.03589942306280136,0.05533982813358307,-0.0019286870956420898,-0.02950836718082428,0.0017582252621650696,-0.07886186987161636,-0.027263574302196503,0.12755455076694489,-0.07422271370887756,0.07920590043067932,-0.09189571440219879,0.018203437328338623],[0.024030093103647232,0.06409928947687149,0.10601314902305603,0.05013640224933624,-0.09122399240732193,0.17030678689479828,0.04003959521651268,-0.14316537976264954,0.13358455896377563,-0.050186559557914734,0.00023353192955255508,0.11393705010414124,-0.057851433753967285,-0.027263574302196503,-0.20391201972961426,0.03316397964954376,0.07387756556272507,-0.19394725561141968,-0.008540831506252289,-0.033330872654914856],[0.0662824735045433,0.006633952260017395,-0.06747984141111374,-0.08763469755649567,-0.021271198987960815,-0.1786813735961914,0.058160603046417236,-0.0205371156334877,0.19280913472175598,-0.04761313647031784,-0.047808386385440826,-0.08222959190607071,0.023273304104804993,0.12755455076694489,0.03316397964954376,0.15404611825942993,0.012793667614459991,0.016361447051167488,-0.04087848216295242,-0.09694530814886093],[-0.01993568241596222,-0.016798853874206543,-0.12937462329864502,-0.006724737584590912,0.005578155629336834,-0.1305643618106842,-0.007450655102729797,0.0602751225233078,-0.07988094538450241,0.004001453518867493,-0.012273309752345085,0.06242591142654419,0.04080798476934433,-0.07422271370887756,0.07387756556272507,0.012793667614459991,0.05039359629154205,0.017414897680282593,0.14688904583454132,0.0027688071131706238],[-0.010515718720853329,0.055764827877283096,0.03692293167114258,0.10171202570199966,-0.006416942924261093,0.12069869786500931,0.07919854670763016,-0.06391806900501251,-0.053658515214920044,-0.03898360952734947,0.041418541222810745,0.03383807837963104,-0.11981192976236343,0.07920590043067932,-0.19394725561141968,0.016361447051167488,0.017414897680282593,-0.10427577793598175,-0.01878431811928749,0.027776554226875305],[-0.10334871709346771,-0.02124572917819023,-0.0169638954102993,0.07119426131248474,-0.0005213338881731033,-0.12315260618925095,0.015335632488131523,-0.05435015633702278,-0.07875194400548935,-0.011533668264746666,-0.017372537404298782,0.27798768877983093,0.06260266900062561,-0.09189571440219879,-0.008540831506252289,-0.04087848216295242,0.14688904583454132,-0.01878431811928749,-0.011994391679763794,0.025325164198875427],[-0.03249988704919815,-0.009639576077461243,0.187329962849617,0.12382743507623672,0.08227752894163132,-0.01986910030245781,-0.3151198625564575,-0.0055947378277778625,-0.028411202132701874,-0.0016516875475645065,-0.006106209009885788,-0.09259490668773651,0.05937011539936066,0.018203437328338623,-0.033330872654914856,-0.09694530814886093,0.0027688071131706238,0.027776554226875305,0.025325164198875427,0.11488454043865204]],[[-0.07565425336360931,-0.03652167692780495,0.18285463750362396,0.024647608399391174,-0.10837724804878235,-0.03783426806330681,0.04562278091907501,-0.19281160831451416,0.19475075602531433,-0.0824018269777298,-0.004772260785102844,0.13532306253910065,0.16147096455097198,-0.0956183522939682,0.027571585029363632,0.04983276128768921,-0.04110962152481079,-0.15686452388763428,0.020640045404434204,-0.010748464614152908],[-0.03652167320251465,-0.08367781341075897,0.1520489603281021,0.21435192227363586,-0.17473351955413818,-0.05789265036582947,0.12378624826669693,-0.10843723267316818,0.15762853622436523,-0.12822557985782623,-0.01098361611366272,0.15811064839363098,0.10532613098621368,0.07630755007266998,0.056007757782936096,0.007320858538150787,0.04987582191824913,-0.15546250343322754,-0.23619088530540466,-0.10863903909921646],[0.18285463750362396,0.1520489603281021,-0.5910724401473999,-0.24987706542015076,-0.0172421932220459,-0.06982971727848053,-0.1518254280090332,0.3126911222934723,-0.07636785507202148,0.16327328979969025,0.1903839409351349,0.0012971041724085808,-0.06851619482040405,-0.08698197454214096,-0.1466231346130371,0.12650930881500244,0.13823479413986206,0.060061827301979065,0.0712621659040451,0.05971875786781311],[0.024647612124681473,0.21435192227363586,-0.24987706542015076,-0.21415989100933075,0.14390000700950623,-0.3245624601840973,-0.0414486899971962,0.07148131728172302,-0.14454680681228638,0.17819088697433472,0.1369389444589615,0.0922696515917778,-0.03794851154088974,-0.22004786133766174,0.02403542399406433,-0.0621381476521492,-0.10559697449207306,0.18905410170555115,0.21366345882415771,0.11179304867982864],[-0.10837724804878235,-0.17473351955413818,-0.0172421932220459,0.14390000700950623,0.095648393034935,0.09055060148239136,-0.17454779148101807,-0.013070061802864075,0.006693601608276367,0.03219665214419365,-0.03436321020126343,0.11605450510978699,-0.0801057294011116,-0.0953994020819664,0.0292205847799778,-0.03873002529144287,0.007362287491559982,0.06213342398405075,0.07768796384334564,0.07512123882770538],[-0.03783427178859711,-0.057892657816410065,-0.06982971727848053,-0.3245624601840973,0.09055059403181076,0.22953647375106812,-0.024186737835407257,0.224076047539711,0.23872429132461548,0.0186778474599123,-0.0681377649307251,-0.10089676082134247,0.1534421443939209,-0.0028673596680164337,-0.07049225270748138,-0.04018393158912659,0.2207673192024231,-0.10739506781101227,-0.1552727073431015,-0.11622311174869537],[0.04562278091907501,0.12378624826669693,-0.151825413107872,-0.0414486899971962,-0.17454779148101807,-0.024186737835407257,0.07176588475704193,0.08530662953853607,-0.12937113642692566,0.04964372143149376,0.04935542494058609,-0.05153507739305496,-0.0659392848610878,-0.0844641923904419,0.06679904460906982,0.10271532833576202,0.10193192958831787,0.10340771079063416,-0.023489058017730713,-0.05352741852402687],[-0.19281160831451416,-0.10843723267316818,0.3126911222934723,0.07148130983114243,-0.013070061802864075,0.224076047539711,0.08530662953853607,-0.16341954469680786,0.06097499653697014,-0.056549809873104095,-0.10783621668815613,0.16608375310897827,0.1260312795639038,0.13687194883823395,-0.041789036244153976,-0.20740991830825806,-0.12775185704231262,-0.12992411851882935,-0.010510565713047981,-0.024007055908441544],[0.19475075602531433,0.15762853622436523,-0.07636785507202148,-0.14454680681228638,0.006693603470921516,0.23872429132461548,-0.12937113642692566,0.06097500026226044,0.19710057973861694,-0.0493619441986084,0.018757052719593048,-0.15006469190120697,-0.02225310355424881,0.1659773886203766,-0.14127376675605774,-0.1258823573589325,0.03526563569903374,-0.2423669397830963,-0.002537298947572708,0.008153071627020836],[-0.0824018269777298,-0.12822557985782623,0.16327327489852905,0.17819088697433472,0.03219664841890335,0.0186778511852026,0.04964372515678406,-0.056549813598394394,-0.04936195909976959,-0.05410856753587723,-0.06682512164115906,0.10702978074550629,0.03438725695014,0.007028243504464626,0.12847381830215454,-0.08203577995300293,-0.14434316754341125,-0.0927596241235733,0.002395171672105789,0.035314783453941345],[-0.004772260785102844,-0.01098361611366272,0.1903839409351349,0.1369389444589615,-0.034363217651844025,-0.0681377649307251,0.04935542494058609,-0.10783621668815613,0.018757052719593048,-0.06682512164115906,-0.06037815660238266,0.00936807133257389,-0.04267369955778122,0.05344558507204056,0.040051765739917755,-0.044860824942588806,0.0006546825170516968,-0.030220435932278633,0.001002684235572815,-0.028906822204589844],[0.13532306253910065,0.15811066329479218,0.0012971032410860062,0.0922696441411972,0.11605450510978699,-0.10089675337076187,-0.05153507739305496,0.16608375310897827,-0.15006469190120697,0.10702978074550629,0.00936807319521904,-0.683686375617981,0.002210751175880432,0.06001857668161392,0.011814329773187637,0.11829017847776413,-0.173219233751297,0.19958633184432983,-0.1454906463623047,0.12743592262268066],[0.16147096455097198,0.10532613098621368,-0.06851619482040405,-0.03794850409030914,-0.080105721950531,0.1534421443939209,-0.0659392848610878,0.1260312795639038,-0.02225310355424881,0.0343872606754303,-0.04267369955778122,0.002210758626461029,0.10293479263782501,-0.4134587049484253,-0.15621250867843628,0.07031447440385818,0.11165442317724228,0.23519684374332428,-0.1248740404844284,-0.09098726511001587],[-0.0956183522939682,0.07630755007266998,-0.08698197454214096,-0.22004783153533936,-0.0953994020819664,-0.0028673596680164337,-0.08446419984102249,0.13687193393707275,0.1659773886203766,0.007028242573142052,0.05344558507204056,0.06001857668161392,-0.4134587049484253,0.2899561822414398,0.02087382599711418,0.19145259261131287,0.04757629334926605,0.11186128854751587,-0.0984567180275917,-0.06407486647367477],[0.027571585029363632,0.0560077503323555,-0.1466231346130371,0.024035420268774033,0.0292205847799778,-0.07049226015806198,0.06679905205965042,-0.041789039969444275,-0.14127375185489655,0.12847381830215454,0.040051765739917755,0.011814329773187637,-0.15621250867843628,0.02087382785975933,-0.20042675733566284,-0.04136182740330696,0.037840839475393295,0.1011054664850235,0.23170094192028046,0.022683873772621155],[0.04983276128768921,0.00732085108757019,0.12650930881500244,-0.062138140201568604,-0.03873002529144287,-0.04018393158912659,0.10271532833576202,-0.20740993320941925,-0.1258823573589325,-0.08203578740358353,-0.044860824942588806,0.11829017847776413,0.07031447440385818,0.19145259261131287,-0.04136182740330696,0.056947752833366394,0.11034179478883743,-0.07552953064441681,-0.01173778623342514,-0.10385490953922272],[-0.04110962525010109,0.04987581819295883,0.13823479413986206,-0.10559697449207306,0.007362283766269684,0.2207673192024231,0.10193192958831787,-0.12775185704231262,0.03526563569903374,-0.14434316754341125,0.0006546750664710999,-0.173219233751297,0.11165442317724228,0.04757629707455635,0.037840839475393295,0.11034179478883743,0.017298683524131775,-0.13748234510421753,-0.09011304378509521,-0.05918829143047333],[-0.15686452388763428,-0.15546250343322754,0.060061827301979065,0.18905410170555115,0.06213342398405075,-0.10739507526159286,0.10340771824121475,-0.12992410361766815,-0.2423669397830963,-0.0927596241235733,-0.030220437794923782,0.19958633184432983,0.23519684374332428,0.11186128854751587,0.1011054664850235,-0.07552953064441681,-0.13748234510421753,-0.1578754037618637,0.12055911868810654,0.10291442275047302],[0.020640049129724503,-0.23619088530540466,0.07126215845346451,0.21366345882415771,0.07768796384334564,-0.1552727073431015,-0.023489058017730713,-0.010510561987757683,-0.0025372952222824097,0.0023951753973960876,0.001002684235572815,-0.1454906463623047,-0.1248740404844284,-0.0984567180275917,0.23170094192028046,-0.011737789958715439,-0.09011304378509521,0.12055912613868713,0.062238335609436035,0.09752284735441208],[-0.010748464614152908,-0.10863903909921646,0.05971875786781311,0.11179304867982864,0.07512123882770538,-0.11622311174869537,-0.05352742224931717,-0.024007054045796394,0.00815307255834341,0.035314783453941345,-0.028906818479299545,0.12743592262268066,-0.09098726511001587,-0.06407486647367477,0.022683875635266304,-0.10385490953922272,-0.05918828770518303,0.10291442275047302,0.09752284735441208,0.019499249756336212]],[[-0.14775939285755157,-0.04920810088515282,0.09052901715040207,0.028897881507873535,-0.010347023606300354,-0.018388260155916214,0.02040204405784607,0.06482525169849396,-0.09358713030815125,-0.02231554314494133,-0.07349804788827896,0.027662187814712524,0.22973619401454926,0.0008914563804864883,-0.06522086262702942,-0.02111481875181198,0.030027292668819427,0.11219437420368195,-0.004532180726528168,-0.09919441491365433],[-0.04920810088515282,-0.12655356526374817,0.13208475708961487,0.11204015463590622,-0.06780289113521576,0.025818482041358948,-0.04122547805309296,0.025676246732473373,0.0317104198038578,-0.04306958615779877,-0.032061561942100525,-0.00011180678848177195,0.240066260099411,-0.00809190422296524,0.005163766443729401,0.013649184256792068,0.006342971697449684,-0.013271965086460114,-0.05487484112381935,-0.15628060698509216],[0.09052901715040207,0.13208475708961487,-0.20374825596809387,-0.1567380726337433,0.1488008201122284,-0.0748710185289383,0.00010842084884643555,0.07599981129169464,-0.05875881016254425,0.12338066101074219,0.05646316334605217,-0.09602746367454529,-0.41161343455314636,0.00019879639148712158,-0.009757116436958313,-0.039428047835826874,0.010550245642662048,0.0663934126496315,0.17473214864730835,0.17170093953609467],[0.028897881507873535,0.11204015463590622,-0.1567380726337433,-0.18676462769508362,0.1553766280412674,-0.048833273351192474,-0.031070947647094727,0.12471327930688858,-0.008203849196434021,0.10309107601642609,0.02044430375099182,-0.012723661959171295,-0.36416640877723694,-0.06729814410209656,-0.023790590465068817,-0.04799291491508484,-0.01651814579963684,0.061064355075359344,0.19305266439914703,0.16542023420333862],[-0.010347023606300354,-0.06780289113521576,0.1488008201122284,0.1553766280412674,-0.11674203723669052,0.04550125077366829,0.04176542907953262,-0.13524219393730164,0.07369193434715271,-0.10800795257091522,-0.05777060240507126,0.08718691766262054,0.164354145526886,0.0500638410449028,0.06854484230279922,0.004681743681430817,-0.019164029508829117,-0.0621003620326519,-0.1600896418094635,-0.1027008444070816],[-0.018388260155916214,0.025818482041358948,-0.0748710185289383,-0.048833273351192474,0.04550125077366829,-0.08062780648469925,0.02154194936156273,0.062406025826931,0.017757244408130646,-0.022291850298643112,0.025899313390254974,-0.016753507778048515,-0.04154329001903534,-0.0012263767421245575,0.033779505640268326,-0.004838977009057999,0.040057145059108734,0.011131450533866882,0.008273117244243622,0.01720891147851944],[0.02040204405784607,-0.04122547805309296,0.00010842084884643555,-0.031070947647094727,0.04176542907953262,0.02154194936156273,0.06768258661031723,0.013652782887220383,0.028172116726636887,0.00812606979161501,0.02422460727393627,-6.0811638832092285e-05,-0.1400608867406845,0.010508641600608826,-0.004122577607631683,-0.05194723233580589,-0.04132772237062454,-0.014199402183294296,0.03868798911571503,0.04914239048957825],[0.06482525169849396,0.025676246732473373,0.07599981129169464,0.12471327930688858,-0.13524219393730164,0.062406025826931,0.013652782887220383,-0.09579817205667496,0.014413122087717056,-0.08403917402029037,-0.023341935127973557,0.006672214716672897,0.08792658150196075,0.05510159954428673,0.023892231285572052,0.07543042302131653,-0.0007503349334001541,-0.05916813760995865,-0.13694189488887787,-0.09542778879404068],[-0.09358713030815125,0.0317104198038578,-0.05875881016254425,-0.008203849196434021,0.07369193434715271,0.017757244408130646,0.028172116726636887,0.014413122087717056,-0.081149160861969,0.05847040191292763,0.04296524450182915,0.0323299840092659,0.013612031936645508,-0.0020774751901626587,-0.12047810852527618,0.005488790571689606,-0.0008678175508975983,-0.019960466772317886,0.027278747409582138,0.03919275850057602],[-0.02231554314494133,-0.04306958615779877,0.12338066101074219,0.10309107601642609,-0.10800795257091522,-0.022291850298643112,0.00812606979161501,-0.08403917402029037,0.05847040191292763,-0.05743005871772766,-0.027984056621789932,0.04157483950257301,0.07576067745685577,0.06706503033638,0.043849460780620575,0.04955100268125534,0.038161009550094604,-0.020181868225336075,-0.07633358240127563,-0.14737652242183685],[-0.07349804788827896,-0.032061561942100525,0.05646316334605217,0.02044430375099182,-0.05777060240507126,0.025899313390254974,0.02422460727393627,-0.023341935127973557,0.04296524450182915,-0.027984056621789932,-0.041982248425483704,0.08254650235176086,0.01193971186876297,0.03251262009143829,0.055357351899147034,0.027927879244089127,0.01716017909348011,0.01144428737461567,-0.04088350757956505,-0.1113632544875145],[0.027662187814712524,-0.00011180678848177195,-0.09602746367454529,-0.012723661959171295,0.08718691766262054,-0.016753507778048515,-6.0811638832092285e-05,0.006672214716672897,0.0323299840092659,0.04157483950257301,0.08254650235176086,-0.0511326789855957,-0.20613890886306763,0.0059365928173065186,0.009264536201953888,-0.034300610423088074,-0.07296726107597351,-0.018076620995998383,0.1238749697804451,0.09124453365802765],[0.22973619401454926,0.240066260099411,-0.41161343455314636,-0.36416640877723694,0.164354145526886,-0.04154329001903534,-0.1400608867406845,0.08792658150196075,0.013612031936645508,0.07576067745685577,0.01193971186876297,-0.20613890886306763,0.11494135856628418,-0.09418381750583649,0.015288695693016052,0.014420375227928162,0.019675232470035553,-0.026948675513267517,0.011218443512916565,0.2857160270214081],[0.0008914563804864883,-0.00809190422296524,0.00019879639148712158,-0.06729814410209656,0.0500638410449028,-0.0012263767421245575,0.010508641600608826,0.05510159954428673,-0.0020774751901626587,0.06706503033638,0.03251262009143829,0.0059365928173065186,-0.09418381750583649,-0.13910195231437683,0.004535015672445297,-0.01132921501994133,-0.06607872247695923,0.0344536229968071,0.050789572298526764,0.07733073085546494],[-0.06522086262702942,0.005163766443729401,-0.009757116436958313,-0.023790590465068817,0.06854484230279922,0.033779505640268326,-0.004122577607631683,0.023892231285572052,-0.12047810852527618,0.043849460780620575,0.055357351899147034,0.009264536201953888,0.015288695693016052,0.004535015672445297,-0.09730249643325806,0.00998649001121521,0.0013484805822372437,-0.02437751740217209,0.028523772954940796,0.045515067875385284],[-0.02111481875181198,0.013649184256792068,-0.039428047835826874,-0.04799291491508484,0.004681743681430817,-0.004838977009057999,-0.05194723233580589,0.07543042302131653,0.005488790571689606,0.04955100268125534,0.027927879244089127,-0.034300610423088074,0.014420375227928162,-0.01132921501994133,0.00998649001121521,-0.022073708474636078,-0.020245742052793503,0.02501062862575054,0.01778934895992279,0.00933537445962429],[0.030027292668819427,0.006342971697449684,0.010550245642662048,-0.01651814579963684,-0.019164029508829117,0.040057145059108734,-0.04132772237062454,-0.0007503349334001541,-0.0008678175508975983,0.038161009550094604,0.01716017909348011,-0.07296726107597351,0.019675232470035553,-0.06607872247695923,0.0013484805822372437,-0.020245742052793503,-0.0389372855424881,-0.0030515752732753754,0.0918746292591095,0.024711407721042633],[0.11219437420368195,-0.013271965086460114,0.0663934126496315,0.061064355075359344,-0.0621003620326519,0.011131450533866882,-0.014199402183294296,-0.05916813760995865,-0.019960466772317886,-0.020181868225336075,0.01144428737461567,-0.018076620995998383,-0.026948675513267517,0.0344536229968071,-0.02437751740217209,0.02501062862575054,-0.0030515752732753754,-0.0063563138246536255,-0.022444898262619972,-0.031554315239191055],[-0.004532180726528168,-0.05487484112381935,0.17473214864730835,0.19305266439914703,-0.1600896418094635,0.008273117244243622,0.03868798911571503,-0.13694189488887787,0.027278747409582138,-0.07633358240127563,-0.04088350757956505,0.1238749697804451,0.011218443512916565,0.050789572298526764,0.028523772954940796,0.01778934895992279,0.0918746292591095,-0.022444898262619972,-0.12564194202423096,-0.1443530172109604],[-0.09919441491365433,-0.15628060698509216,0.17170093953609467,0.16542023420333862,-0.1027008444070816,0.01720891147851944,0.04914239048957825,-0.09542778879404068,0.03919275850057602,-0.14737652242183685,-0.1113632544875145,0.09124453365802765,0.2857160270214081,0.07733073085546494,0.045515067875385284,0.00933537445962429,0.024711407721042633,-0.031554315239191055,-0.1443530172109604,-0.08826764672994614]],[[0.03422723710536957,0.053728580474853516,0.2189774066209793,0.20922836661338806,-0.14654409885406494,0.15498343110084534,-0.009495265781879425,-0.005330938845872879,-0.05900166183710098,-0.06289117783308029,-0.028851009905338287,-0.1417112499475479,0.053921282291412354,0.18394798040390015,-0.17714691162109375,-0.005350001156330109,0.07036500424146652,-0.2044898122549057,-0.1950162649154663,0.05644926428794861],[0.053728580474853516,-0.13563600182533264,0.2230214923620224,0.16683724522590637,-0.0868469774723053,0.22219626605510712,-0.05181533843278885,-0.09351758658885956,-0.05936276167631149,-0.0026969313621520996,0.04708641767501831,-0.08898377418518066,0.09419718384742737,0.12505695223808289,-0.04436536878347397,-0.020827949047088623,0.0653289407491684,-0.06941799819469452,-0.1255417764186859,-0.21844080090522766],[0.2189774066209793,0.2230214923620224,0.33042776584625244,0.02412649244070053,-0.14855141937732697,0.03372810781002045,-0.026472873985767365,-0.13878881931304932,-0.23022624850273132,-0.09441033005714417,-0.033884599804878235,0.23355960845947266,0.01619931310415268,-0.05004756152629852,-0.2622324228286743,0.09123475849628448,0.20219072699546814,-0.15834783017635345,-0.07350637763738632,-0.15699701011180878],[0.20922836661338806,0.16683724522590637,0.02412649244070053,0.2508232891559601,-0.49567273259162903,0.004376448690891266,-0.1509375274181366,0.07559063285589218,0.01562606915831566,-0.1743135005235672,0.11858600378036499,-0.05548539757728577,0.21593943238258362,0.06694737076759338,-0.2088615596294403,0.015805348753929138,0.10045143961906433,-0.06334038078784943,0.00701671838760376,-0.12274369597434998],[-0.14654409885406494,-0.0868469774723053,-0.14855141937732697,-0.49567273259162903,0.3255142569541931,-0.012018255889415741,0.08884663879871368,0.18184316158294678,-0.11813855171203613,0.1593402624130249,0.07975500822067261,-0.09812571108341217,-0.11704884469509125,-0.0022695474326610565,0.06783779710531235,-0.2999965250492096,0.0007096752524375916,0.19073045253753662,0.21060822904109955,0.22002756595611572],[0.15498343110084534,0.22219626605510712,0.03372810781002045,0.004376448690891266,-0.012018255889415741,-0.06310045719146729,6.774067878723145e-05,-0.005646917968988419,0.01314420998096466,-0.010941710323095322,-0.10403194278478622,0.07338587939739227,-0.161531001329422,0.023316919803619385,0.02378174290060997,-0.02530435472726822,0.00141211599111557,0.07684073597192764,-0.021629177033901215,-0.22302982211112976],[-0.009495265781879425,-0.05181533843278885,-0.026472873985767365,-0.1509375274181366,0.08884663879871368,6.774067878723145e-05,0.1874740868806839,0.024028655141592026,0.1312294751405716,0.032802607864141464,0.04678947851061821,0.06702235341072083,-0.05056259408593178,-0.17349873483181,-0.030249066650867462,-0.015404179692268372,-0.13639876246452332,0.016515135765075684,-0.02266131341457367,0.07271967083215714],[-0.005330938845872879,-0.09351758658885956,-0.13878881931304932,0.07559063285589218,0.18184316158294678,-0.005646917968988419,0.024028655141592026,0.19374389946460724,-0.07249913364648819,0.11547066271305084,0.07654367387294769,-0.45207467675209045,-0.04105579853057861,-0.01663433015346527,0.0381258949637413,-0.11237102746963501,-0.12836414575576782,0.18551436066627502,0.07913941890001297,0.09628325700759888],[-0.05900166183710098,-0.05936276167631149,-0.23022624850273132,0.01562606915831566,-0.11813855171203613,0.01314420998096466,0.1312294751405716,-0.07249913364648819,2.2351741790771484e-08,-0.03511951118707657,-0.35976725816726685,0.08486846089363098,0.1207970380783081,0.08920484036207199,0.08817289769649506,0.2723378539085388,0.1401546746492386,-0.0026874952018260956,-0.03174404054880142,0.013011399656534195],[-0.06289117783308029,-0.0026969313621520996,-0.09441033005714417,-0.1743135005235672,0.1593402624130249,-0.010941710323095322,0.032802607864141464,0.11547066271305084,-0.03511951118707657,0.08175154030323029,0.06236328184604645,-0.15382209420204163,-0.09556637704372406,0.02174215018749237,0.1216508001089096,-0.10946062207221985,-0.1438397467136383,0.15470054745674133,0.08995545655488968,0.04328489303588867],[-0.028851009905338287,0.04708641767501831,-0.033884599804878235,0.11858600378036499,0.07975500822067261,-0.10403194278478622,0.04678947851061821,0.07654367387294769,-0.35976725816726685,0.06236328184604645,0.1546182632446289,-0.046725645661354065,0.04403787851333618,-0.0002640616148710251,-0.06154017895460129,-0.16887050867080688,0.10420028865337372,0.11657141149044037,0.030383601784706116,-0.07699933648109436],[-0.1417112499475479,-0.08898377418518066,0.23355960845947266,-0.05548539757728577,-0.09812571108341217,0.07338587939739227,0.06702235341072083,-0.45207467675209045,0.08486846089363098,-0.15382209420204163,-0.046725645661354065,0.13161544501781464,0.39418739080429077,0.041596345603466034,0.0014506727457046509,0.13702553510665894,-0.04899754002690315,-0.19427743554115295,-0.09824136644601822,0.21373333036899567],[0.053921282291412354,0.09419718384742737,0.01619931310415268,0.21593943238258362,-0.11704884469509125,-0.161531001329422,-0.05056259408593178,-0.04105579853057861,0.1207970380783081,-0.09556637704372406,0.04403787851333618,0.39418739080429077,-0.02932727336883545,0.16771836578845978,-0.015365734696388245,0.1055229902267456,0.05167321115732193,-0.25322359800338745,-0.16412287950515747,-0.3363896608352661],[0.18394798040390015,0.12505695223808289,-0.05004756152629852,0.06694737076759338,-0.0022695474326610565,0.023316919803619385,-0.17349873483181,-0.01663433015346527,0.08920484036207199,0.02174215018749237,-0.0002640616148710251,0.041596345603466034,0.16771836578845978,-0.3683863878250122,-0.12373361736536026,0.07021793723106384,0.0369693860411644,-0.09909950196743011,0.02714204043149948,-0.01992638409137726],[-0.17714691162109375,-0.04436536878347397,-0.2622324228286743,-0.2088615596294403,0.06783779710531235,0.02378174290060997,-0.030249066650867462,0.0381258949637413,0.08817289769649506,0.1216508001089096,-0.06154017895460129,0.0014506727457046509,-0.015365734696388245,-0.12373361736536026,0.08977893739938736,0.056650981307029724,0.03510965406894684,0.10395245254039764,0.10847057402133942,0.18851271271705627],[-0.005350001156330109,-0.020827949047088623,0.09123475849628448,0.015805348753929138,-0.2999965250492096,-0.02530435472726822,-0.015404179692268372,-0.11237102746963501,0.2723378539085388,-0.10946062207221985,-0.16887050867080688,0.13702553510665894,0.1055229902267456,0.07021793723106384,0.056650981307029724,0.09854930639266968,0.016205087304115295,-0.057826317846775055,-0.04651658236980438,-0.0016215071082115173],[0.07036500424146652,0.0653289407491684,0.20219072699546814,0.10045143961906433,0.0007096752524375916,0.00141211599111557,-0.13639876246452332,-0.12836414575576782,0.1401546746492386,-0.1438397467136383,0.10420028865337372,-0.04899754002690315,0.05167321115732193,0.0369693860411644,0.03510965406894684,0.016205087304115295,-0.15695254504680634,-0.12118605524301529,-0.02878248691558838,-0.06024844944477081],[-0.2044898122549057,-0.06941799819469452,-0.15834783017635345,-0.06334038078784943,0.19073045253753662,0.07684073597192764,0.016515135765075684,0.18551436066627502,-0.0026874952018260956,0.15470054745674133,0.11657141149044037,-0.19427743554115295,-0.25322359800338745,-0.09909950196743011,0.10395245254039764,-0.057826317846775055,-0.12118605524301529,0.20574872195720673,0.12758232653141022,0.04574056714773178],[-0.1950162649154663,-0.1255417764186859,-0.07350637763738632,0.00701671838760376,0.21060822904109955,-0.021629177033901215,-0.02266131341457367,0.07913941890001297,-0.03174404054880142,0.08995545655488968,0.030383601784706116,-0.09824136644601822,-0.16412287950515747,0.02714204043149948,0.10847057402133942,-0.04651658236980438,-0.02878248691558838,0.12758232653141022,0.04822211712598801,0.07924188673496246],[0.05644926428794861,-0.21844080090522766,-0.15699701011180878,-0.12274369597434998,0.22002756595611572,-0.22302982211112976,0.07271967083215714,0.09628325700759888,0.013011399656534195,0.04328489303588867,-0.07699933648109436,0.21373333036899567,-0.3363896608352661,-0.01992638409137726,0.18851271271705627,-0.0016215071082115173,-0.06024844944477081,0.04574056714773178,0.07924188673496246,0.18739232420921326]],[[-0.12049166858196259,-0.01619844138622284,0.028241567313671112,-0.025775909423828125,-0.003652971237897873,0.045207053422927856,0.014728747308254242,-0.022533390671014786,-0.02925574779510498,0.011122975498437881,-0.02160642296075821,0.011556960642337799,0.17417585849761963,-0.005175881087779999,0.09209172427654266,0.0002526910975575447,-0.020186811685562134,-0.07605874538421631,-0.033123716711997986,-0.003317825496196747],[-0.01619844138622284,-0.11518390476703644,0.05672900006175041,0.025267362594604492,-0.0684003233909607,0.017466068267822266,0.024495398625731468,-0.027910418808460236,-0.027230078354477882,-0.00513824075460434,-0.010533023625612259,0.02457108348608017,0.22818145155906677,0.017240770161151886,-0.07301139086484909,0.0790858268737793,0.04583406448364258,-0.04051888361573219,-0.001518172211945057,-0.13322818279266357],[0.028241567313671112,0.05672900006175041,-0.15460410714149475,-0.17238755524158478,0.10299067199230194,-0.011806279420852661,-0.10741153359413147,0.10363356024026871,-0.10800798237323761,0.0917205959558487,0.08020097017288208,-0.08091816306114197,0.059068165719509125,-0.07649374008178711,-0.062057316303253174,-0.010011546313762665,0.014213670045137405,0.05453638732433319,0.06028835475444794,0.1320754885673523],[-0.025775909423828125,0.025267362594604492,-0.17238755524158478,-0.1486196517944336,0.08594406396150589,-0.031273216009140015,-0.021757155656814575,0.04166198521852493,0.09304308146238327,0.05988948047161102,0.024314939975738525,-0.05741654336452484,-0.025661103427410126,-0.056170955300331116,0.001835554838180542,-0.021567538380622864,-0.020181909203529358,0.027182437479496002,0.11786191165447235,0.10381057858467102],[-0.003652971237897873,-0.0684003233909607,0.10299067944288254,0.08594406396150589,-0.04296436533331871,0.0034275574143975973,-0.005276277661323547,0.07888172566890717,0.007462896406650543,-0.026729680597782135,-0.020403798669576645,0.05504082515835762,-0.2660906910896301,0.011525188572704792,0.01974881812930107,0.02714972198009491,0.058262452483177185,0.029902145266532898,0.02868509292602539,-0.07550303637981415],[0.045207057148218155,0.017466064542531967,-0.011806279420852661,-0.031273216009140015,0.0034275574143975973,0.08546225726604462,-0.024201080203056335,0.006981239654123783,0.05011555552482605,0.002364066429436207,0.023053491488099098,0.0018932558596134186,-0.062250953167676926,0.010045371949672699,-0.07104998081922531,0.03430362045764923,0.025821242481470108,-0.03286688029766083,-0.0569303035736084,-0.015762118622660637],[0.014728747308254242,0.024495398625731468,-0.10741153359413147,-0.021757155656814575,-0.005276281386613846,-0.024201087653636932,0.10631190240383148,-0.00044727325439453125,0.054765909910202026,0.05752292647957802,0.011795252561569214,-0.05003538727760315,-0.17356087267398834,-0.05764530599117279,0.09454450011253357,-0.03783004730939865,-0.06345275044441223,0.015293270349502563,0.06812992691993713,0.0940297544002533],[-0.022533390671014786,-0.027910422533750534,0.10363356024026871,0.04166198521852493,0.07888172566890717,0.006981235928833485,-0.00044727325439453125,0.04022259637713432,-0.08321534097194672,0.0314981341361