[-2.5684127807617188,[-0.0805632472038269,-0.2420240044593811,-0.06319871544837952,0.16902202367782593,0.44784724712371826,0.027716487646102905,-0.11097747087478638,0.008890330791473389,-0.3018001317977905,-0.0016370415687561035,-0.0459500253200531,-0.1330852508544922,0.03579321503639221,0.0028429925441741943,-0.20988726615905762,-0.05350136756896973,-0.010219842195510864,-0.015352040529251099,0.14087027311325073,0.43521398305892944],[-0.06383177638053894,-0.027335628867149353,-0.13578233122825623,0.12302656471729279,0.13412927091121674,-0.05213667452335358,-0.03363752365112305,0.0503913015127182,-0.12203794717788696,0.0037123411893844604,-0.04663078486919403,0.06091154366731644,-0.3088601529598236,0.046969883143901825,0.08954519033432007,0.06597967445850372,0.027508459985256195,0.09542275965213776,-0.03489769995212555,0.12755349278450012],[-0.05380496382713318,-0.09019631147384644,-0.2622206509113312,-0.03284004330635071,0.16063803434371948,-0.05970296263694763,-0.12220749258995056,0.06024773418903351,0.08576014637947083,0.02027370035648346,0.0585705041885376,0.1052517294883728,-0.10663235187530518,0.07817767560482025,0.1920364946126938,-0.0009434521198272705,-0.12278765439987183,-0.08926188945770264,-0.0593031644821167,0.23894533514976501],[0.11519093811511993,0.15631258487701416,0.21352683007717133,0.19509045779705048,-0.0363011509180069,-0.11308374255895615,-0.08789438754320145,0.1339169591665268,-0.14910097420215607,-0.017898080870509148,0.28419074416160583,-0.07257600128650665,-0.3486732244491577,0.11667069792747498,-0.16730573773384094,0.046675778925418854,-0.04832212254405022,-0.0019093230366706848,-0.20179887115955353,-0.016711413860321045],[0.15959152579307556,0.09944671392440796,0.1021718829870224,-0.024813637137413025,-0.1703646034002304,0.029934808611869812,-0.036432601511478424,0.06738840043544769,-0.0617842972278595,-0.036649785935878754,0.17347601056098938,0.014745563268661499,0.04135715961456299,0.08444924652576447,-0.06759599596261978,0.09769643843173981,-0.02431844174861908,0.010884284973144531,-0.31995290517807007,-0.13922986388206482],[0.15545213222503662,0.1316089928150177,0.280404269695282,-0.08818527311086655,-0.015776753425598145,-0.05037035048007965,-0.2521258592605591,0.004649415612220764,-0.35756778717041016,-0.20872361958026886,0.10377758741378784,0.3709586560726166,0.016682133078575134,-0.021892741322517395,-0.2899110019207001,0.2801358103752136,0.29625409841537476,0.0913470983505249,-0.2876863479614258,-0.1590304672718048],[0.07556463778018951,0.022852957248687744,0.09386797249317169,0.21680216491222382,-0.16135047376155853,-0.1568903923034668,-0.19916579127311707,-0.026830509305000305,-0.16844257712364197,0.08510057628154755,0.15425057709217072,0.3186853528022766,0.19314686954021454,0.026397928595542908,-0.23333048820495605,0.11850221455097198,0.020457953214645386,0.09464018046855927,-0.24782593548297882,-0.22643350064754486],[0.11809582263231277,-0.007790848612785339,-0.011743605136871338,-0.0442669540643692,-0.210572749376297,-0.1573496013879776,-0.08667746186256409,-0.037707556039094925,-0.08047952502965927,0.13339605927467346,0.04580288380384445,0.1946100890636444,0.014698751270771027,-0.005021728575229645,-0.018970254808664322,0.20875447988510132,0.10585687309503555,0.09754393249750137,-0.18362922966480255,-0.07454947382211685],[0.4806816875934601,0.43296268582344055,-0.1180034726858139,-0.3154284954071045,-0.12650437653064728,0.3895612359046936,-0.11280429363250732,-0.13821908831596375,-0.3047761023044586,0.02407088130712509,0.22481003403663635,0.2081213891506195,-0.001944221556186676,0.06606926023960114,-0.3823510408401489,0.24345281720161438,-0.12812459468841553,0.04009510576725006,-0.39419108629226685,-0.08747830986976624],[[-0.043016061186790466,0.0459364652633667,-0.022436529397964478,-0.10026860237121582,0.07761696726083755,0.031271159648895264,-0.10828495025634766,-0.03889594227075577,0.0897967591881752,-0.04853176325559616,-0.013462230563163757,-0.16058650612831116,0.13067087531089783,0.08602708578109741,0.02429899573326111,-0.01505666971206665,0.026805534958839417,0.05227314308285713,-0.07151881605386734,0.057360582053661346],[0.0459364652633667,-0.12602050602436066,-0.03736288845539093,0.12236431241035461,-0.08413656055927277,0.02055201679468155,0.15705019235610962,-0.03516332060098648,-0.22677743434906006,-0.06282611191272736,0.08820395916700363,-0.011860832571983337,0.11490283906459808,0.062337882816791534,0.007025733590126038,-0.004828512668609619,0.03978598117828369,0.049003273248672485,-0.012932847253978252,-0.10525361448526382],[-0.02243649959564209,-0.037362903356552124,-0.365695595741272,-0.30845510959625244,0.3486577868461609,-0.14090868830680847,-0.025095731019973755,0.08078880608081818,0.11238296329975128,0.16935546696186066,0.19855982065200806,-0.23616063594818115,-0.10045261681079865,-0.13377445936203003,-0.00020810961723327637,-0.08160284161567688,-0.1493462324142456,0.0010556578636169434,0.346533864736557,0.3441650867462158],[-0.10026860237121582,0.12236432731151581,-0.30845510959625244,-0.18431693315505981,0.16415123641490936,-0.18266162276268005,0.028233617544174194,0.17104589939117432,-0.11673814058303833,0.1740584671497345,0.1663372814655304,-0.12734690308570862,-0.022069379687309265,-0.011319518089294434,-0.03207522630691528,-0.16050344705581665,-0.10549396276473999,0.11059208959341049,0.21342721581459045,0.20103895664215088],[0.07761696726083755,-0.08413656055927277,0.3486577570438385,0.16415123641490936,-0.36191147565841675,0.12222187966108322,0.17207759618759155,-0.18210838735103607,0.1885295808315277,-0.1609519124031067,-0.23479530215263367,0.2800610065460205,-0.0859362930059433,0.11544274538755417,0.0883929654955864,0.15811550617218018,0.13871276378631592,-0.09395700693130493,-0.3222605586051941,-0.3279225826263428],[0.031271159648895264,0.02055201679468155,-0.14090868830680847,-0.18266162276268005,0.12222187966108322,-0.023255184292793274,-0.0342382937669754,0.012664049863815308,0.10333393514156342,0.00579630583524704,0.02309264987707138,-0.17588672041893005,0.16004952788352966,-0.009992063045501709,0.016305282711982727,0.005092442035675049,0.009529739618301392,0.017859507352113724,-0.035936132073402405,0.07510963082313538],[-0.10828493535518646,0.15705019235610962,-0.02509571611881256,0.028233632445335388,0.17207759618759155,-0.03423827886581421,0.004129663109779358,0.047087106853723526,-0.12288784980773926,0.06772033870220184,0.07118451595306396,-0.077190101146698,-0.1519695520401001,-0.19664865732192993,0.010835528373718262,-0.03342384099960327,-0.017392456531524658,0.07985785603523254,0.0764281302690506,0.05252644419670105],[-0.03889594227075577,-0.03516332060098648,0.08078882098197937,0.17104589939117432,-0.18210837244987488,0.012664049863815308,0.047087106853723526,-0.033578336238861084,0.03289042413234711,-0.021119877696037292,0.04737381637096405,0.10279417783021927,0.06316089630126953,0.11144765466451645,-0.025583766400814056,0.0018363967537879944,0.14080670475959778,-0.031705714762210846,-0.20548905432224274,-0.2382516711950302],[0.0897967740893364,-0.22677743434906006,0.11238296329975128,-0.11673812568187714,0.1885295808315277,0.10333395004272461,-0.12288786470890045,0.03289042413234711,-0.5104987621307373,0.07080167531967163,0.2368466556072235,-0.0827580988407135,0.15184390544891357,-0.14233948290348053,0.07286092638969421,-0.024995192885398865,-0.13700617849826813,0.04447653889656067,0.1585259884595871,0.10171204805374146],[-0.04853174835443497,-0.06282611191272736,0.16935548186302185,0.1740584671497345,-0.16095192730426788,0.00579630583524704,0.06772033870220184,-0.021119877696037292,0.07080167531967163,0.014279261231422424,0.001323312520980835,0.15761442482471466,-0.14247791469097137,0.05171329528093338,0.01044851541519165,0.028196871280670166,0.04684646427631378,-0.008187413215637207,-0.14312131702899933,-0.21093851327896118],[-0.013462230563163757,0.08820395916700363,0.19855985045433044,0.166337251663208,-0.23479531705379486,0.02309264987707138,0.07118451595306396,0.04737381637096405,0.2368466556072235,0.001323312520980835,-0.13553579151630402,0.010089628398418427,-0.0331951379776001,-0.04815701022744179,0.028608523309230804,-0.02484445832669735,-0.03514434024691582,0.028923455625772476,-0.14188914000988007,-0.23352022469043732],[-0.16058647632598877,-0.011860847473144531,-0.23616063594818115,-0.12734690308570862,0.2800610065460205,-0.17588672041893005,-0.07719011604785919,0.10279416292905807,-0.0827580988407135,0.15761440992355347,0.010089613497257233,0.041168153285980225,-0.25039801001548767,-0.11988982558250427,-0.027889341115951538,0.021511763334274292,0.012415528297424316,0.07877729833126068,0.252822607755661,0.31271225214004517],[0.13067086040973663,0.1149028092622757,-0.10045263171195984,-0.02206939458847046,-0.0859362781047821,0.16004951298236847,-0.15196958184242249,0.06316086649894714,0.15184390544891357,-0.14247791469097137,-0.033195167779922485,-0.25039803981781006,0.15723466873168945,0.049091652035713196,0.07593421638011932,0.07166313380002975,-0.044619783759117126,-0.14387769997119904,-0.045718081295490265,0.046162888407707214],[0.0860271006822586,0.062337882816791534,-0.13377445936203003,-0.011319547891616821,0.11544274538755417,-0.009992063045501709,-0.19664867222309113,0.11144763976335526,-0.14233949780464172,0.051713280379772186,-0.04815701022744179,-0.11988982558250427,0.04909166693687439,-0.056664109230041504,-0.079804927110672,-0.07277059555053711,-0.08484737575054169,0.09771671891212463,0.2127961814403534,0.16963447630405426],[0.024299010634422302,0.007025733590126038,-0.00020807981491088867,-0.03207524120807648,0.0883929654955864,0.01630529761314392,0.010835543274879456,-0.025583766400814056,0.07286091148853302,0.01044851541519165,0.028608523309230804,-0.027889341115951538,0.07593423128128052,-0.0798049122095108,-0.08655677735805511,-0.054854586720466614,-0.04722894728183746,-0.07943312078714371,0.015736129134893417,0.08318792283535004],[-0.015056639909744263,-0.004828527569770813,-0.08160284161567688,-0.16050347685813904,0.15811550617218018,0.005092442035675049,-0.033423855900764465,0.0018363818526268005,-0.02499520778656006,0.028196856379508972,-0.024844473227858543,0.021511763334274292,0.07166314870119095,-0.07277059555053711,-0.05485460162162781,-0.015688002109527588,-0.11723390221595764,-0.04077267274260521,0.15210697054862976,0.208051398396492],[0.02680554986000061,0.03978598117828369,-0.1493462324142456,-0.10549399256706238,0.13871276378631592,0.009529754519462585,-0.017392471432685852,0.14080670475959778,-0.13700616359710693,0.04684646427631378,-0.03514434024691582,0.012415558099746704,-0.04461976885795593,-0.08484737575054169,-0.04722896218299866,-0.11723390221595764,-0.012207388877868652,0.009894561022520065,0.1913556456565857,0.1343679428100586],[0.052273157984018326,0.049003273248672485,0.0010556727647781372,0.11059210449457169,-0.09395700693130493,0.017859522253274918,0.07985785603523254,-0.031705714762210846,0.04447653889656067,-0.008187413215637207,0.028923455625772476,0.07877731323242188,-0.14387768507003784,0.09771673381328583,-0.07943312078714371,-0.040772657841444016,0.00989457592368126,-0.0287029892206192,-0.057611316442489624,-0.08618247509002686],[-0.07151881605386734,-0.012932847253978252,0.3465338349342346,0.21342721581459045,-0.3222605586051941,-0.035936132073402405,0.0764281302690506,-0.20548903942108154,0.1585259884595871,-0.14312133193016052,-0.14188915491104126,0.252822607755661,-0.04571809619665146,0.2127961814403534,0.015736129134893417,0.15210697054862976,0.1913556456565857,-0.057611316442489624,-0.289842426776886,-0.29341310262680054],[0.057360582053661346,-0.10525361448526382,0.3441650867462158,0.20103895664215088,-0.3279225826263428,0.07510963082313538,0.05252644419670105,-0.2382516711950302,0.10171204805374146,-0.21093851327896118,-0.23352022469043732,0.31271225214004517,0.04616290330886841,0.16963447630405426,0.08318792283535004,0.208051398396492,0.1343679428100586,-0.08618247509002686,-0.29341310262680054,-0.2905474901199341]],[[-0.23319080471992493,-0.06656421720981598,0.1318652629852295,-0.08432090282440186,0.17438730597496033,-0.11832919716835022,0.006069168448448181,-0.04774414002895355,0.16980870068073273,0.10296577960252762,0.04560207575559616,0.009593755006790161,0.003972232341766357,-0.14831599593162537,-0.050742119550704956,-0.08723136782646179,-0.04807931184768677,-0.06430976092815399,0.1702556014060974,0.134307399392128],[-0.06656421720981598,-0.004168644547462463,0.01455029845237732,0.20921283960342407,-0.08901070058345795,-0.07915368676185608,0.12493538856506348,-0.0543215349316597,0.0988660454750061,-0.053459785878658295,-0.014185592532157898,0.11746369302272797,0.05258014798164368,0.02578200399875641,0.0012128204107284546,0.011687740683555603,0.006736293435096741,-0.11542928218841553,-0.12161661684513092,-0.06511729955673218],[0.1318652629852295,0.014550268650054932,-0.3019767999649048,-0.31187498569488525,0.34462904930114746,-0.20098599791526794,-0.09532025456428528,0.3655124604701996,-0.018837720155715942,0.2316078543663025,0.13349995017051697,-0.2046666145324707,-0.2519327700138092,-0.2522188127040863,-0.15566471219062805,-0.1788647472858429,-0.12199494242668152,0.18690647184848785,0.3839642405509949,0.3018025755882263],[-0.08432090282440186,0.20921282470226288,-0.31187498569488525,-0.29504355788230896,0.19999171793460846,-0.08522850275039673,-0.045617103576660156,0.18632568418979645,-0.12185314297676086,0.20709830522537231,0.06745168566703796,-0.0371890664100647,-0.1853509247303009,-0.21121430397033691,-0.024656832218170166,-0.03390941023826599,-0.10698670148849487,0.17492295801639557,0.2833143174648285,0.21492736041545868],[0.17438730597496033,-0.08901070058345795,0.34462904930114746,0.19999171793460846,-0.4737013578414917,0.30434650182724,0.09925347566604614,-0.3639569580554962,0.09918364137411118,-0.2863808870315552,-0.23363545536994934,0.28000420331954956,0.36351555585861206,0.23731538653373718,0.05106556415557861,0.23462513089179993,0.13030236959457397,-0.20365431904792786,-0.44300639629364014,-0.42527368664741516],[-0.11832919716835022,-0.07915368676185608,-0.20098602771759033,-0.08522850275039673,0.3043464720249176,-0.2913932502269745,-0.16102716326713562,0.368851900100708,-0.08304211497306824,0.30643031001091003,0.24427680671215057,-0.2947309911251068,-0.16065433621406555,-0.0548345148563385,-0.030490130186080933,-0.14903196692466736,-0.10235804319381714,0.06474342942237854,0.24364978075027466,0.278960645198822],[0.006069168448448181,0.12493537366390228,-0.09532025456428528,-0.045617103576660156,0.09925347566604614,-0.16102716326713562,0.024777859449386597,0.1411561369895935,-0.2327309548854828,0.03218964487314224,0.03301577270030975,-0.08301615715026855,-0.051671743392944336,-0.2039463222026825,0.030477330088615417,-0.028422623872756958,0.1454882025718689,0.08466723561286926,0.08976779133081436,0.08995406329631805],[-0.04774414002895355,-0.0543215349316597,0.365512490272522,0.18632568418979645,-0.36395692825317383,0.368851900100708,0.1411561369895935,-0.30945125222206116,-0.016517899930477142,-0.21719521284103394,-0.18116897344589233,0.24299414455890656,0.36080145835876465,0.3727388083934784,-0.12122668325901031,0.14987847208976746,-0.017827540636062622,-0.27127572894096375,-0.2902284264564514,-0.297344833612442],[0.16980870068073273,0.0988660454750061,-0.018837720155715942,-0.12185314297676086,0.09918364137411118,-0.08304211497306824,-0.2327309250831604,-0.016517899930477142,-0.1264282613992691,0.1419452428817749,0.1264684647321701,-0.06706029176712036,-0.19167575240135193,-0.08525896072387695,0.11979156732559204,-0.05043819546699524,0.19833959639072418,0.09402530640363693,-0.08304252475500107,0.028457432985305786],[0.10296577960252762,-0.053459785878658295,0.2316078543663025,0.20709830522537231,-0.2863808870315552,0.3064303398132324,0.03218964487314224,-0.21719521284103394,0.1419452428817749,-0.24320733547210693,-0.20443518459796906,0.09188657253980637,0.3328385353088379,0.20866335928440094,0.07485242933034897,0.13079360127449036,-0.08168669790029526,-0.23914064466953278,-0.30357784032821655,-0.23218783736228943],[0.04560207575559616,-0.014185592532157898,0.13349995017051697,0.06745168566703796,-0.23363545536994934,0.24427679181098938,0.03301577270030975,-0.18116897344589233,0.1264684647321701,-0.20443518459796906,-0.164045512676239,0.22477219998836517,0.2124522626399994,0.10102728009223938,0.04972149431705475,0.01974797248840332,-0.014090940356254578,-0.11795862764120102,-0.16240760684013367,-0.16610796749591827],[0.009593755006790161,0.11746367812156677,-0.20466658473014832,-0.0371890664100647,0.28000420331954956,-0.2947309613227844,-0.08301615715026855,0.24299415946006775,-0.06706029176712036,0.09188658744096756,0.22477218508720398,-0.24708101153373718,-0.4479869306087494,-0.2624090909957886,-0.025909721851348877,0.0030427277088165283,0.035540997982025146,0.1791212260723114,0.22505800426006317,0.26057326793670654],[0.003972232341766357,0.05258014798164368,-0.2519327998161316,-0.1853509545326233,0.36351555585861206,-0.16065430641174316,-0.051671743392944336,0.36080145835876465,-0.19167575240135193,0.3328385353088379,0.21245227754116058,-0.4479869604110718,-0.3409794569015503,-0.33918264508247375,-0.12857452034950256,-0.2367418110370636,-0.029415905475616455,0.3545144200325012,0.3774053454399109,0.30608630180358887],[-0.14831599593162537,0.025781989097595215,-0.2522188127040863,-0.21121430397033691,0.23731538653373718,-0.0548345148563385,-0.2039463222026825,0.3727388083934784,-0.08525896072387695,0.20866334438323975,0.10102728009223938,-0.2624090909957886,-0.33918264508247375,0.10778990387916565,-0.005474448204040527,-0.08971896767616272,-0.015497744083404541,0.25472503900527954,0.22077617049217224,0.13925395905971527],[-0.05074213445186615,0.0012128204107284546,-0.15566471219062805,-0.024656832218170166,0.05106556415557861,-0.030490130186080933,0.030477330088615417,-0.12122668325901031,0.11979156732559204,0.07485242933034897,0.04972149431705475,-0.025909721851348877,-0.12857452034950256,-0.005474448204040527,0.1207936555147171,-0.006825268268585205,0.033847346901893616,0.06404748558998108,-0.01888187974691391,0.022636815905570984],[-0.08723136782646179,0.01168772578239441,-0.1788647472858429,-0.03390941023826599,0.23462513089179993,-0.14903196692466736,-0.028422623872756958,0.14987847208976746,-0.05043819546699524,0.13079360127449036,0.01974797248840332,0.0030427277088165283,-0.2367418110370636,-0.08971896767616272,-0.006825238466262817,-0.17144355177879333,-0.03476959466934204,0.10083621740341187,0.23542430996894836,0.1813616007566452],[-0.04807931184768677,0.006736278533935547,-0.12199494242668152,-0.10698670148849487,0.13030236959457397,-0.10235804319381714,0.14548823237419128,-0.017827540636062622,0.198339581489563,-0.08168669790029526,-0.014090940356254578,0.035540997982025146,-0.029415905475616455,-0.015497744083404541,0.03384736180305481,-0.03476959466934204,-0.05061379075050354,-0.09598782658576965,0.09618166089057922,0.07287219166755676],[-0.06430976092815399,-0.11542928218841553,0.18690647184848785,0.17492297291755676,-0.20365431904792786,0.06474345922470093,0.08466723561286926,-0.27127572894096375,0.09402530640363693,-0.23914064466953278,-0.11795862764120102,0.1791212409734726,0.3545144200325012,0.25472506880760193,0.06404748558998108,0.10083623230457306,-0.09598782658576965,-0.2658344507217407,-0.09621341526508331,-0.08870592713356018],[0.1702556014060974,-0.12161661684513092,0.3839642405509949,0.2833143174648285,-0.44300639629364014,0.24364978075027466,0.08976779133081436,-0.2902284264564514,-0.08304252475500107,-0.30357787013053894,-0.16240760684013367,0.22505800426006317,0.3774053454399109,0.22077617049217224,-0.01888187974691391,0.23542430996894836,0.09618166089057922,-0.09621341526508331,-0.45653483271598816,-0.3502877354621887],[0.134307399392128,-0.06511729955673218,0.3018025755882263,0.21492736041545868,-0.42527371644973755,0.278960645198822,0.08995406329631805,-0.2973448634147644,0.028457432985305786,-0.23218783736228943,-0.16610796749591827,0.26057326793670654,0.30608630180358887,0.13925395905971527,0.022636815905570984,0.1813616007566452,0.07287219166755676,-0.08870592713356018,-0.3502877354621887,-0.4061684012413025]],[[-0.1980370581150055,-0.05328879877924919,0.0970955491065979,0.03604254126548767,-0.05848374962806702,-0.014460064470767975,0.059212833642959595,0.12692362070083618,-0.06076246500015259,-0.0021459469571709633,-0.09272062033414841,0.061845578253269196,0.10645537078380585,0.005595244467258453,-0.03669534623622894,-0.012556053698062897,0.06522046029567719,0.12857754528522491,-0.05758385360240936,-0.10023478418588638],[-0.05328879877924919,-0.18210247159004211,0.14020755887031555,0.1333695650100708,-0.06715347617864609,0.03732927888631821,0.005391508340835571,0.025855228304862976,0.06173449754714966,-0.04360409453511238,-0.0568014532327652,0.01226525753736496,0.013994619250297546,0.046485528349876404,0.05723949894309044,0.04271714389324188,0.042782336473464966,0.024628635495901108,-0.12111587822437286,-0.11993442475795746],[0.0970955491065979,0.14020755887031555,-0.24114245176315308,-0.2555128335952759,0.17352718114852905,-0.06775453686714172,-0.01786944270133972,0.05550569295883179,-0.13022050261497498,0.13436946272850037,0.05732404440641403,-0.129379540681839,-0.08850722014904022,-0.04801243543624878,-0.0540296733379364,-0.09517356753349304,-0.03387489914894104,0.05201704800128937,0.24990695714950562,0.2015238255262375],[0.03604254126548767,0.1333695650100708,-0.2555128335952759,-0.2923508286476135,0.2382684051990509,-0.058378517627716064,-0.06947550177574158,0.12015469372272491,-0.07627201080322266,0.0941942110657692,0.030768945813179016,-0.04515191912651062,-0.014891594648361206,-0.12731406092643738,-0.07564446330070496,-0.08028143644332886,-0.06488098204135895,0.02944973111152649,0.27649492025375366,0.20141109824180603],[-0.05848374962806702,-0.06715347617864609,0.17352718114852905,0.2382684051990509,-0.32536837458610535,0.03307221457362175,0.07729443162679672,-0.13157811760902405,0.11304028332233429,-0.16349008679389954,0.018559757620096207,0.14769569039344788,0.22748035192489624,0.13002391159534454,0.1040569394826889,0.092943474650383,-0.002111293375492096,-0.03591808304190636,-0.2978905141353607,-0.27396881580352783],[-0.014460064470767975,0.03732927888631821,-0.06775453686714172,-0.058378517627716064,0.03307221457362175,-0.083550363779068,-0.013983204960823059,0.08510296046733856,0.03719985485076904,-0.010863162577152252,-0.00040521472692489624,-0.02581655979156494,-0.10652554035186768,-0.04472048580646515,0.03424316644668579,-0.025545597076416016,0.05053837597370148,0.018196433782577515,0.09279564023017883,0.06352582573890686],[0.059212833642959595,0.005391508340835571,-0.01786944270133972,-0.06947550177574158,0.07729443162679672,-0.013983204960823059,0.08230602741241455,-0.007590733468532562,-0.013347655534744263,-0.007388874888420105,0.029889307916164398,-0.008660569787025452,-0.07473382353782654,0.02579239010810852,-0.013928011059761047,-0.0682520866394043,-0.07336351275444031,-0.0567474365234375,0.05273697152733803,0.09271736443042755],[0.12692362070083618,0.025855228304862976,0.05550569295883179,0.12015469372272491,-0.13157811760902405,0.08510296046733856,-0.007590733468532562,-0.10032211244106293,-0.012233152985572815,-0.15006570518016815,-0.028430208563804626,0.028942257165908813,0.060632944107055664,0.06449955701828003,0.07151716947555542,0.09913365542888641,0.031512707471847534,-0.085892453789711,-0.14393571019172668,-0.10973227769136429],[-0.06076246500015259,0.06173449754714966,-0.13022050261497498,-0.07627201080322266,0.11304028332233429,0.03719985485076904,-0.013347655534744263,-0.012233152985572815,-0.15769076347351074,0.07015828043222427,0.06662319600582123,0.011205196380615234,0.08024440705776215,-0.026733890175819397,-0.14364418387413025,0.011011600494384766,0.021172061562538147,-0.0283869206905365,0.07136355340480804,0.10553871095180511],[-0.0021459469571709633,-0.04360409453511238,0.13436946272850037,0.0941942110657692,-0.16349008679389954,-0.010863162577152252,-0.007388874888420105,-0.15006570518016815,0.07015828043222427,-0.10283511132001877,-0.04794282466173172,0.05280793458223343,0.20229394733905792,0.102314293384552,0.05932406336069107,0.07554502040147781,0.051018498837947845,-0.04569178819656372,-0.13908115029335022,-0.12891697883605957],[-0.09272062033414841,-0.0568014532327652,0.05732404440641403,0.030768945813179016,0.018559757620096207,-0.00040521472692489624,0.029889307916164398,-0.028430208563804626,0.06662319600582123,-0.04794282466173172,-0.03733304142951965,0.09102004766464233,-0.04438558220863342,0.06083788722753525,0.07379380613565445,0.02784363180398941,0.04106650501489639,0.0011791512370109558,-0.08929580450057983,-0.10159143805503845],[0.061845578253269196,0.01226525753736496,-0.129379540681839,-0.04515191912651062,0.14769569039344788,-0.02581655979156494,-0.008660569787025452,0.028942257165908813,0.011205196380615234,0.05280793458223343,0.09102004766464233,-0.07945901155471802,-0.3424982726573944,-0.0024863779544830322,0.014528736472129822,-0.05501815676689148,-0.07291781902313232,-0.020277753472328186,0.2239592969417572,0.13739626109600067],[0.10645537078380585,0.013994619250297546,-0.08850722014904022,-0.014891594648361206,0.22748035192489624,-0.10652554035186768,-0.07473382353782654,0.060632944107055664,0.08024440705776215,0.20229394733905792,-0.04438558220863342,-0.3424982726573944,0.011657536029815674,-0.22014367580413818,-0.16733112931251526,-0.17125576734542847,-0.0392797589302063,0.07074041664600372,0.28335630893707275,0.21269705891609192],[0.005595244467258453,0.046485528349876404,-0.04801243543624878,-0.12731406092643738,0.13002391159534454,-0.04472048580646515,0.02579239010810852,0.06449955701828003,-0.026733890175819397,0.102314293384552,0.06083788722753525,-0.0024863779544830322,-0.22014367580413818,-0.16396206617355347,0.011277124285697937,-0.028136223554611206,-0.08394253253936768,0.03381657600402832,0.14099760353565216,0.12381191551685333],[-0.03669534623622894,0.05723949894309044,-0.0540296733379364,-0.07564446330070496,0.1040569394826889,0.03424316644668579,-0.013928011059761047,0.07151716947555542,-0.14364418387413025,0.05932406336069107,0.07379380613565445,0.014528736472129822,-0.16733112931251526,0.011277124285697937,-0.11286669969558716,0.02151714265346527,0.004177868366241455,-0.025329172611236572,0.0670703798532486,0.11072297394275665],[-0.012556053698062897,0.04271714389324188,-0.09517356753349304,-0.08028143644332886,0.092943474650383,-0.025545597076416016,-0.0682520866394043,0.09913365542888641,0.011011600494384766,0.07554502040147781,0.02784363180398941,-0.05501815676689148,-0.17125576734542847,-0.028136223554611206,0.02151714265346527,-0.02418491244316101,-0.044808223843574524,0.0402168333530426,0.12433884292840958,0.06994499266147614],[0.06522046029567719,0.042782336473464966,-0.03387489914894104,-0.06488098204135895,-0.002111293375492096,0.05053837597370148,-0.07336351275444031,0.031512707471847534,0.021172061562538147,0.051018498837947845,0.04106650501489639,-0.07291781902313232,-0.0392797589302063,-0.08394253253936768,0.004177868366241455,-0.044808223843574524,-0.05370774865150452,-0.0034934058785438538,0.10799462348222733,0.05689691752195358],[0.12857754528522491,0.024628635495901108,0.05201704800128937,0.02944973111152649,-0.03591808304190636,0.018196433782577515,-0.0567474365234375,-0.085892453789711,-0.0283869206905365,-0.04569178819656372,0.0011791512370109558,-0.020277753472328186,0.07074041664600372,0.03381657600402832,-0.025329172611236572,0.0402168333530426,-0.0034934058785438538,-0.04173514246940613,-0.05014931410551071,-0.005200698971748352],[-0.05758385360240936,-0.12111587822437286,0.24990695714950562,0.27649492025375366,-0.2978905141353607,0.09279564023017883,0.05273697152733803,-0.14393571019172668,0.07136355340480804,-0.13908115029335022,-0.08929580450057983,0.2239592969417572,0.28335630893707275,0.14099760353565216,0.0670703798532486,0.12433884292840958,0.10799462348222733,-0.05014931410551071,-0.5295530557632446,-0.2624097466468811],[-0.10023478418588638,-0.11993442475795746,0.2015238255262375,0.20141109824180603,-0.27396881580352783,0.06352582573890686,0.09271736443042755,-0.10973227769136429,0.10553871095180511,-0.12891697883605957,-0.10159143805503845,0.13739626109600067,0.21269705891609192,0.12381191551685333,0.11072297394275665,0.06994499266147614,0.05689691752195358,-0.005200698971748352,-0.2624097466468811,-0.2741977572441101]],[[-0.01809920370578766,-0.07115475088357925,0.07404324412345886,0.05633874237537384,-0.009063070639967918,-0.0021279752254486084,-0.0037287622690200806,-0.020224478095769882,0.09102550148963928,0.002094738185405731,-0.06092604249715805,-0.07004465162754059,0.02953770011663437,-0.06848523020744324,0.1169620156288147,-0.08604191243648529,-0.05619315803050995,-0.005128845572471619,0.04856017976999283,0.05265604704618454],[-0.07115475833415985,-0.2648773193359375,0.21204456686973572,0.1433519721031189,0.006678909063339233,-0.05413992702960968,-0.07166506350040436,-0.04559538513422012,0.031281307339668274,-0.035414356738328934,0.049324408173561096,-0.10875706374645233,0.09685914218425751,0.041707709431648254,0.056836917996406555,-0.006327301263809204,-0.024840787053108215,-0.011491462588310242,0.08331896364688873,-0.027140557765960693],[0.07404322922229767,0.21204456686973572,-0.10307455062866211,-0.23490658402442932,0.21924516558647156,-0.1920948326587677,0.03868721425533295,0.2720209062099457,-0.5618171095848083,0.2895194888114929,0.20478253066539764,-0.12589451670646667,-0.053226038813591,-0.3091821074485779,-0.21052858233451843,-0.29496926069259644,0.015606671571731567,0.18289335072040558,0.3514154851436615,0.22543472051620483],[0.05633871257305145,0.1433519721031189,-0.23490658402442932,-0.0158214271068573,0.19271115958690643,-0.2312197983264923,-0.08276951313018799,0.27156344056129456,-0.3513754904270172,0.2149420529603958,0.18534870445728302,-0.19021445512771606,-0.16182348132133484,-0.29151567816734314,-0.02995557337999344,-0.24183353781700134,-0.04138796031475067,0.17272761464118958,0.25486451387405396,0.38097506761550903],[-0.009063070639967918,0.006678909063339233,0.21924516558647156,0.19271115958690643,-0.23228925466537476,0.11419159919023514,0.10293865948915482,-0.22399944067001343,0.015863969922065735,-0.1331762969493866,-0.06422598659992218,0.22832700610160828,0.011882871389389038,0.24307630956172943,-0.1692238301038742,0.1941714733839035,0.07071228325366974,-0.0898645669221878,-0.24029640853405,-0.23766081035137177],[-0.0021279752254486084,-0.05413992702960968,-0.1920948326587677,-0.2312198281288147,0.11419159919023514,0.0230121910572052,0.016310840845108032,0.07652129232883453,0.1681641936302185,0.004676252603530884,-0.12811683118343353,0.004228651523590088,-0.10327223688364029,-0.07972663640975952,0.1406761258840561,0.009136348962783813,-0.05085301399230957,-0.0288773812353611,0.15067200362682343,0.1628393828868866],[-0.0037287697196006775,-0.07166506350040436,0.03868719935417175,-0.08276952803134918,0.10293866693973541,0.01631082594394684,-0.1316584348678589,-0.010242164134979248,0.022198237478733063,-0.0653490200638771,-0.06185905262827873,0.07465492933988571,0.143060103058815,-0.17915605008602142,0.0705743283033371,-0.030042625963687897,0.00882052630186081,0.04179559648036957,0.10691092163324356,0.010519284754991531],[-0.020224478095769882,-0.04559538513422012,0.2720209062099457,0.27156341075897217,-0.22399942576885223,0.07652129232883453,-0.010242164134979248,-0.06287775933742523,-0.06729026138782501,-0.11202302575111389,-0.0382247231900692,0.18270531296730042,-0.011736050248146057,0.17348244786262512,-0.1476041078567505,0.12458726763725281,0.05849184840917587,-0.02773737534880638,-0.1987023651599884,-0.19311556220054626],[0.09102550894021988,0.03128131479024887,-0.5618170499801636,-0.3513754904270172,0.015863969922065735,0.1681641936302185,0.02219824492931366,-0.06729026138782501,0.2609393298625946,-0.13335147500038147,-0.010634861886501312,-0.1306634396314621,-0.013474516570568085,0.18232892453670502,0.2476097047328949,0.0359773188829422,0.1302078664302826,-0.04455029219388962,0.09329861402511597,0.03426223248243332],[0.002094738185405731,-0.035414356738328934,0.2895194888114929,0.21494202315807343,-0.1331762969493866,0.004676245152950287,-0.0653490200638771,-0.11202302575111389,-0.13335147500038147,-0.06786102056503296,-0.03335767239332199,0.13729025423526764,0.015588656067848206,0.17850568890571594,-0.0882817879319191,0.12852929532527924,0.029729336500167847,-0.029413577169179916,-0.1801452487707138,-0.12250252813100815],[-0.06092604249715805,0.049324408173561096,0.20478251576423645,0.1853487193584442,-0.06422598659992218,-0.12811684608459473,-0.06185905262827873,-0.0382247231900692,-0.01063486933708191,-0.03335767239332199,0.12945815920829773,0.026081256568431854,-0.005430981516838074,0.09650059044361115,-0.1020539402961731,-0.0064457133412361145,0.04929443821310997,0.014912431128323078,-0.1428242027759552,-0.10160273313522339],[-0.07004465162754059,-0.10875704884529114,-0.1258944869041443,-0.19021445512771606,0.22832699120044708,0.004228651523590088,0.07465493679046631,0.18270531296730042,-0.1306634396314621,0.13729026913642883,0.02608126401901245,-0.14564426243305206,-0.08467374742031097,-0.059668853878974915,0.015960074961185455,-0.029885023832321167,-0.08535939455032349,0.078466035425663,0.15904143452644348,0.12405053526163101],[0.029537707567214966,0.09685914218425751,-0.05322601646184921,-0.16182349622249603,0.011882871389389038,-0.1032722145318985,0.1430600881576538,-0.011736050248146057,-0.013474509119987488,0.015588663518428802,-0.005430974066257477,-0.08467372506856918,0.06523831933736801,0.03412109613418579,0.1570034623146057,0.004873933270573616,0.03028985857963562,-0.04770483076572418,-0.09684131294488907,-0.010272100567817688],[-0.06848523020744324,0.041707709431648254,-0.3091821074485779,-0.2915157079696655,0.24307630956172943,-0.07972662150859833,-0.17915605008602142,0.17348244786262512,0.18232889473438263,0.17850568890571594,0.09650059789419174,-0.05966886878013611,0.03412109613418579,-0.2015448808670044,0.012172341346740723,-0.1526356339454651,-0.11301860213279724,0.14907245337963104,0.1685377061367035,0.17542874813079834],[0.1169620230793953,0.05683692544698715,-0.21052855253219604,-0.029955588281154633,-0.169223815202713,0.14067614078521729,0.0705743283033371,-0.14760412275791168,0.2476096898317337,-0.0882817879319191,-0.1020539402961731,0.015960082411766052,0.1570034623146057,0.012172333896160126,0.22420549392700195,0.11733090132474899,0.027168259024620056,-0.1517481803894043,-0.2041204571723938,-0.08298317342996597],[-0.08604191243648529,-0.006327301263809204,-0.29496926069259644,-0.24183356761932373,0.1941714733839035,0.009136348962783813,-0.0300426185131073,0.12458726763725281,0.035977303981781006,0.12852931022644043,-0.006445705890655518,-0.029885023832321167,0.004873940721154213,-0.15263564884662628,0.1173308938741684,-0.07330437004566193,-0.07519876956939697,0.09498167037963867,0.1655822992324829,0.1215134933590889],[-0.05619315803050995,-0.024840787053108215,0.015606671571731567,-0.04138796031475067,0.07071228325366974,-0.05085301399230957,0.008820533752441406,0.05849185585975647,0.1302078664302826,0.029729343950748444,0.04929444566369057,-0.08535939455032349,0.03028985857963562,-0.11301858723163605,0.02716825157403946,-0.07519876956939697,-0.22624440491199493,0.035439662635326385,0.11827639490365982,0.09905872493982315],[-0.005128845572471619,-0.011491462588310242,0.18289335072040558,0.1727275848388672,-0.0898645743727684,-0.028877388685941696,0.041795603930950165,-0.027737367898225784,-0.04455030709505081,-0.029413577169179916,0.014912431128323078,0.07846604287624359,-0.047704845666885376,0.14907243847846985,-0.1517481952905655,0.09498166292905807,0.035439662635326385,0.01173340529203415,-0.16522827744483948,-0.18027769029140472],[0.04856017976999283,0.08331896364688873,0.3514155149459839,0.25486451387405396,-0.2402963936328888,0.15067200362682343,0.10691092163324356,-0.1987023502588272,0.09329861402511597,-0.1801452487707138,-0.1428242027759552,0.15904143452644348,-0.09684132039546967,0.1685377061367035,-0.2041204422712326,0.1655822992324829,0.11827639490365982,-0.16522829234600067,-0.24088701605796814,-0.23143334686756134],[0.05265604704618454,-0.027140557765960693,0.22543472051620483,0.38097506761550903,-0.23766081035137177,0.1628393828868866,0.010519284754991531,-0.19311556220054626,0.03426223248243332,-0.12250252813100815,-0.10160273313522339,0.12405053526163101,-0.010272100567817688,0.17542874813079834,-0.08298318088054657,0.1215134933590889,0.09905872493982315,-0.18027767539024353,-0.23143333196640015,-0.1997499167919159]],[[-0.12924474477767944,-0.004007927142083645,0.04532046616077423,-0.011851146817207336,0.03438267856836319,-0.03492086008191109,-0.010709425434470177,-0.0073027960024774075,0.036930620670318604,0.019122757017612457,0.0033915452659130096,0.023021984845399857,0.19464755058288574,0.026470452547073364,0.07245638221502304,-0.015663888305425644,-0.03756589815020561,-0.09182636439800262,-0.12242820858955383,0.009776877239346504],[-0.004007929004728794,-0.1672476828098297,0.03803700953722,0.009839817881584167,-0.03545745089650154,-0.05218091979622841,-0.03443021699786186,-0.013035207986831665,-0.16652342677116394,-0.007058598101139069,-0.0031609246507287025,0.013564109802246094,0.2785492241382599,0.04311487078666687,-0.004246914759278297,0.053892072290182114,0.03072667308151722,-0.009663205593824387,0.024825960397720337,0.004462797194719315],[0.04532046616077423,0.03803700953722,-0.21566909551620483,-0.22000683844089508,0.1412559151649475,-0.0732525885105133,-0.06998542696237564,0.11155923455953598,0.02806476503610611,0.1520179659128189,0.0897836908698082,-0.11298735439777374,-0.2756214439868927,-0.0796043872833252,0.07234348356723785,-0.0704844668507576,0.0028113573789596558,0.09918531775474548,0.17752334475517273,0.15970927476882935],[-0.011851146817207336,0.009839817881584167,-0.22000683844089508,-0.209208682179451,0.09137004613876343,-0.07949542254209518,-0.04469379410147667,0.05862076207995415,0.1876489520072937,0.07798917591571808,0.03603401780128479,-0.061653316020965576,-0.15931634604930878,-0.06697547435760498,0.14143964648246765,-0.06448233872652054,-0.04470253735780716,0.05038151144981384,0.20742520689964294,0.10163670033216476],[0.03438267856836319,-0.03545745462179184,0.1412559151649475,0.09137004613876343,-0.1795240044593811,0.07251951098442078,-0.048522286117076874,-0.02339114435017109,0.0011964887380599976,-0.07749622315168381,-0.07051390409469604,0.172815203666687,0.05305834487080574,0.04637188836932182,-0.03587862476706505,0.0993412584066391,0.035371243953704834,-0.024432867765426636,-0.12691612541675568,-0.12554988265037537],[-0.034920863807201385,-0.05218091234564781,-0.0732525885105133,-0.07949541509151459,0.07251950353384018,-0.03595289587974548,-0.04742136225104332,0.011890360154211521,-0.006851767189800739,-0.020183466374874115,-0.01658055931329727,-0.041682127863168716,0.2753622531890869,-0.03208700567483902,0.040509603917598724,-0.04341549053788185,0.001230006106197834,-0.020191093906760216,0.06361884623765945,0.03908500447869301],[-0.010709425434470177,-0.034430213272571564,-0.06998542696237564,-0.04469379410147667,-0.04852228984236717,-0.04742136225104332,0.0425306037068367,-0.0013124458491802216,-0.0036674588918685913,0.04560292512178421,0.05474457889795303,-0.018946725875139236,-0.008135944604873657,-0.014709040522575378,0.020963294431567192,-0.023539582267403603,-0.07814323902130127,0.05148075148463249,0.18288654088974,0.006008271127939224],[-0.007302794139832258,-0.013035209849476814,0.11155924201011658,0.05862076207995415,-0.02339114435017109,0.011890360154211521,-0.0013124477118253708,-0.005969680845737457,-0.027382275089621544,0.008970078080892563,-0.009698817506432533,0.07987738400697708,-0.04375018924474716,0.011879701167345047,-0.09120714664459229,0.007942568510770798,0.0