[-0.22731833159923553,[-0.030803631991147995,-0.0179576575756073,0.02352011948823929,0.04004519432783127,0.003763630986213684,0.012158393859863281,-0.047606658190488815,0.0537753626704216,-0.04980096220970154,0.04942672699689865,0.03997018188238144,0.032859183847904205,0.04370696097612381,0.02797234058380127,-0.06130809709429741,-0.00870002806186676,-0.0034993216395378113,0.06341742724180222,-0.0835876315832138,-0.08735165745019913],[-0.03251655399799347,-0.006305169314146042,0.03647357225418091,0.04714281111955643,-0.0449751578271389,-0.0044116489589214325,-0.027051778510212898,0.06759168952703476,0.0028565004467964172,0.00043260306119918823,0.008415661752223969,0.02968265861272812,-0.04029632359743118,0.026639819145202637,0.0191010981798172,0.0045023709535598755,0.00879872590303421,0.031670957803726196,-0.0696953535079956,-0.05805654078722],[-0.04391397908329964,0.034463025629520416,-0.009754132479429245,0.04892631620168686,-0.04360860958695412,-0.023404380306601524,-0.022166768088936806,0.04651913046836853,0.03136309236288071,0.001888476312160492,0.025324292480945587,0.046445541083812714,0.005146138370037079,0.032678864896297455,0.0314926952123642,0.007648516446352005,-0.03614147752523422,-0.0032812990248203278,-0.07974544912576675,-0.0498800128698349],[-0.01574026420712471,0.05830314755439758,-0.05210720747709274,-0.046879447996616364,0.02376798540353775,-0.05614239349961281,0.027560800313949585,0.0778455063700676,0.02143324911594391,0.017796814441680908,0.06938087195158005,-0.03286690637469292,-0.0599575936794281,-0.005452357232570648,0.017361119389533997,-0.02872270904481411,-0.051285289227962494,0.029486559331417084,0.049904994666576385,-0.04368695616722107],[-0.013417502865195274,0.07156296074390411,-0.027660302817821503,-0.013177666813135147,-0.019327953457832336,-0.024205327033996582,0.010741587728261948,-0.016337042674422264,0.016313467174768448,-0.03010036237537861,0.010153733193874359,0.027863189578056335,0.038296256214380264,0.0021795183420181274,0.02457815781235695,-0.00839916430413723,-0.007698493078351021,-0.0035343188792467117,-0.004219822585582733,-0.03361092880368233],[0.0027185603976249695,0.13400043547153473,0.002347182482481003,-0.06092436984181404,-0.05381368100643158,-0.04401706904172897,-0.04613657668232918,0.021266914904117584,-0.05615679547190666,-0.045855242758989334,-0.009203340858221054,0.10053558647632599,0.018123716115951538,-0.03394424170255661,-0.033882491290569305,0.06084545701742172,0.07159008830785751,0.03887886554002762,-0.014321528375148773,-0.052051544189453125],[-0.010761259123682976,0.10610811412334442,-0.05057070404291153,-0.047355737537145615,-0.014106227084994316,-0.056301675736904144,0.06278079748153687,0.017473895102739334,-0.027064744383096695,-0.003604752942919731,0.010786566883325577,0.05154233053326607,-0.037334032356739044,0.03842565789818764,0.03187990561127663,-0.021832047030329704,-0.029602576047182083,-0.012361282482743263,0.020555853843688965,-0.028658080846071243],[0.003385482355952263,0.13195617496967316,-0.04569879174232483,-0.03757357597351074,-0.04493439570069313,-0.040911342948675156,0.005895951762795448,-0.018924228847026825,0.01741364412009716,-0.005799558945000172,-0.022808795794844627,0.054375678300857544,0.026066062971949577,0.015694452449679375,0.035798169672489166,0.01754976250231266,0.0016561876982450485,0.0008915793150663376,-0.07375407218933105,-0.02027842216193676],[0.11645907163619995,0.21945635974407196,-0.05202377960085869,-0.08261331915855408,-0.06481210887432098,0.05307837948203087,0.008879121392965317,-0.03720328211784363,-0.06160753220319748,-0.04409121349453926,0.009050533175468445,0.03528028354048729,-0.05452539026737213,0.024472352117300034,-0.04740545153617859,0.08956252038478851,0.005782425403594971,0.004285115748643875,-0.06968619674444199,-0.05233796313405037],[[0.022641727700829506,-0.0018481230363249779,0.013343023136258125,-0.0190927404910326,0.008018391206860542,0.02261151187121868,0.0184915941208601,-0.005430890247225761,0.003909471444785595,-0.04063021019101143,-0.025645649060606956,-0.024295048788189888,0.04362885653972626,-0.03233042359352112,-0.004852229729294777,0.002372404094785452,0.008742639794945717,-0.019289806485176086,0.022604642435908318,0.007050843443721533],[-0.0018481230363249779,-0.03283047676086426,0.03405039384961128,0.005459983833134174,-0.009532429277896881,0.025193430483341217,-0.003219562117010355,-0.012000543996691704,0.026910198852419853,-0.03986164927482605,-0.05447838082909584,0.014760971069335938,0.0017250580713152885,0.02332378551363945,0.02419273555278778,0.03305736184120178,0.015569649636745453,-0.02261730469763279,-0.010543782263994217,-0.01731134206056595],[0.013343023136258125,0.03405039384961128,-0.004813532344996929,-0.05817897617816925,0.04052366316318512,-0.011105010285973549,-0.015294229611754417,0.029174771159887314,0.010103454813361168,0.021173376590013504,0.019925206899642944,-0.03190615773200989,-0.012170640751719475,-0.045006897300481796,-0.018043680116534233,-0.020428432151675224,-0.0104685602709651,1.707114279270172e-05,0.04721512272953987,0.01189001277089119],[-0.0190927404910326,0.005459983833134174,-0.05817897617816925,-0.06014326587319374,0.0607600137591362,0.017443230375647545,-0.033096879720687866,0.08021900057792664,-0.029781214892864227,0.07088260352611542,0.044526685029268265,-0.05668557435274124,-0.005223657004535198,-0.023794475942850113,-0.025617972016334534,-0.01580730825662613,-0.011331005021929741,0.02260768786072731,0.02334439381957054,0.013509447686374187],[0.008018391206860542,-0.009532429277896881,0.04052366316318512,0.0607600137591362,-0.02519848942756653,-0.02391616255044937,0.026934128254652023,-0.05289728194475174,0.011380292475223541,-0.07274529337882996,-0.03448224067687988,0.04230235517024994,-0.014905245043337345,0.04547338932752609,0.03276596963405609,0.014857507310807705,-0.0008205837802961469,-0.02442249469459057,-0.028513086959719658,0.0044175805523991585],[0.02261151187121868,0.025193430483341217,-0.011105010285973549,0.017443230375647545,-0.02391616255044937,-0.017856979742646217,0.033850111067295074,-0.03076540119946003,0.01237358245998621,-0.03197241574525833,-0.012481123208999634,-0.00632195919752121,0.010134140960872173,-0.00476096011698246,0.0005559055134654045,0.0068488591350615025,0.0006532648112624884,0.0047643366269767284,0.0053137317299842834,-0.0005620983429253101],[0.0184915941208601,-0.003219562117010355,-0.015294229611754417,-0.033096879720687866,0.026934128254652023,0.033850111067295074,-0.011503919959068298,-0.00921391136944294,0.007654605433344841,0.04802491515874863,-0.007399313151836395,-0.0008818916976451874,0.004952350631356239,-0.0319666862487793,-0.04010160267353058,0.006596428342163563,-0.011073190718889236,-0.020410239696502686,0.010605160146951675,0.02705208957195282],[-0.005430890247225761,-0.012000543996691704,0.029174771159887314,0.08021900057792664,-0.05289728194475174,-0.03076540119946003,-0.00921391136944294,0.007660895586013794,0.0005084089934825897,-0.01577107608318329,-0.009963912889361382,0.06832674145698547,-0.08623474836349487,0.030989423394203186,0.04704010859131813,0.003550448454916477,0.039451394230127335,0.007634475827217102,-0.04347448796033859,-0.04880344122648239],[0.003909471444785595,0.026910198852419853,0.010103454813361168,-0.029781214892864227,0.011380292475223541,0.01237358245998621,0.007654605433344841,0.0005084089934825897,-0.026593230664730072,0.03147226944565773,0.018666191026568413,-0.02330094948410988,0.04467339068651199,-0.002162580844014883,-0.04592733085155487,-0.0220482274889946,-0.025524936616420746,-0.00044193025678396225,0.021760009229183197,-0.01363149844110012],[-0.04063021019101143,-0.03986164927482605,0.021173376590013504,0.07088260352611542,-0.07274529337882996,-0.03197241574525833,0.04802491515874863,-0.01577107608318329,0.03147226944565773,-0.026667840778827667,-0.015444209799170494,0.0562267079949379,-0.07918678224086761,0.027506234124302864,0.07528877258300781,0.027037527412176132,0.055424854159355164,0.02431964874267578,-0.051216475665569305,-0.06386101245880127],[-0.025645649060606956,-0.05447838082909584,0.019925206899642944,0.044526685029268265,-0.03448224067687988,-0.012481123208999634,-0.007399313151836395,-0.009963912889361382,0.018666191026568413,-0.015444209799170494,0.02066574990749359,0.040833160281181335,-0.0012639649212360382,-0.007280135061591864,0.048224110156297684,-0.002785529475659132,0.01587037183344364,0.02601301670074463,-0.044378407299518585,-0.019121699035167694],[-0.024295048788189888,0.014760971069335938,-0.03190615773200989,-0.05668557435274124,0.04230235517024994,-0.00632195919752121,-0.0008818916976451874,0.06832674145698547,-0.02330094948410988,0.0562267079949379,0.040833160281181335,-0.0045608822256326675,0.012491023167967796,-0.03822816535830498,-0.05266748368740082,-0.018872834742069244,0.0055309077724814415,0.011590196751058102,-0.008753462694585323,0.014412335120141506],[0.04362885653972626,0.0017250580713152885,-0.012170640751719475,-0.005223657004535198,-0.014905245043337345,0.010134140960872173,0.004952350631356239,-0.08623474836349487,0.04467339068651199,-0.07918678224086761,-0.0012639649212360382,0.012491023167967796,0.02895224094390869,0.0036248452961444855,0.05925507843494415,0.009755616076290607,-0.013743298128247261,-0.07652566581964493,0.03464045748114586,0.03542093187570572],[-0.03233042359352112,0.02332378551363945,-0.045006897300481796,-0.023794475942850113,0.04547338932752609,-0.00476096011698246,-0.0319666862487793,0.030989423394203186,-0.002162580844014883,0.027506234124302864,-0.007280135061591864,-0.03822816535830498,0.0036248452961444855,0.05243365094065666,-0.03219776228070259,-0.017492324113845825,-0.0250020083039999,0.050206974148750305,0.006144221872091293,0.02051987498998642],[-0.004852229729294777,0.02419273555278778,-0.018043680116534233,-0.025617972016334534,0.03276596963405609,0.0005559055134654045,-0.04010160267353058,0.04704010859131813,-0.04592733085155487,0.07528877258300781,0.048224110156297684,-0.05266748368740082,0.05925507843494415,-0.03219776228070259,-0.04089147970080376,-0.025967814028263092,-0.02755141817033291,0.003486103843897581,0.005989182740449905,0.017020786181092262],[0.002372404094785452,0.03305736184120178,-0.020428432151675224,-0.01580730825662613,0.014857507310807705,0.0068488591350615025,0.006596428342163563,0.003550448454916477,-0.0220482274889946,0.027037527412176132,-0.002785529475659132,-0.018872834742069244,0.009755616076290607,-0.017492324113845825,-0.025967814028263092,0.010715330019593239,-0.014770034700632095,-0.0006559044122695923,0.008915552869439125,0.01512135285884142],[0.008742639794945717,0.015569649636745453,-0.0104685602709651,-0.011331005021929741,-0.0008205837802961469,0.0006532648112624884,-0.011073190718889236,0.039451394230127335,-0.025524936616420746,0.055424854159355164,0.01587037183344364,0.0055309077724814415,-0.013743298128247261,-0.0250020083039999,-0.02755141817033291,-0.014770034700632095,-0.018274277448654175,0.014618542976677418,0.008000252768397331,-0.005302593111991882],[-0.019289806485176086,-0.02261730469763279,1.707114279270172e-05,0.02260768786072731,-0.02442249469459057,0.0047643366269767284,-0.020410239696502686,0.007634475827217102,-0.00044193025678396225,0.02431964874267578,0.02601301670074463,0.011590196751058102,-0.07652566581964493,0.050206974148750305,0.003486103843897581,-0.0006559044122695923,0.014618542976677418,0.0057768626138567924,-0.004882078617811203,-0.0017894874326884747],[0.022604642435908318,-0.010543782263994217,0.04721512272953987,0.02334439381957054,-0.028513086959719658,0.0053137317299842834,0.010605160146951675,-0.04347448796033859,0.021760009229183197,-0.051216475665569305,-0.044378407299518585,-0.008753462694585323,0.03464045748114586,0.006144221872091293,0.005989182740449905,0.008915552869439125,0.008000252768397331,-0.004882078617811203,0.0015419553965330124,-0.004312912002205849],[0.007050843443721533,-0.01731134206056595,0.01189001277089119,0.013509447686374187,0.0044175805523991585,-0.0005620983429253101,0.02705208957195282,-0.04880344122648239,-0.01363149844110012,-0.06386101245880127,-0.019121699035167694,0.014412335120141506,0.03542093187570572,0.02051987498998642,0.017020786181092262,0.01512135285884142,-0.005302593111991882,-0.0017894874326884747,-0.004312912002205849,0.008280814625322819]],[[0.0027041062712669373,-0.025408226996660233,-0.0015159323811531067,0.017908113077282906,0.022177040576934814,-0.015402238816022873,0.013805883936583996,-0.011062370613217354,0.008360130712389946,0.02250932902097702,-0.02086934633553028,-0.009035998024046421,0.02858402580022812,-0.028214160352945328,0.01823684759438038,-0.015105533413589,0.004945308901369572,-0.05334031581878662,0.018850430846214294,0.021872900426387787],[-0.025408226996660233,-0.019314732402563095,0.06004392355680466,0.026203112676739693,0.019304759800434113,-0.03311338275671005,-0.00856076180934906,-0.03011011704802513,-0.007549416273832321,-0.00872688740491867,-0.007992587983608246,0.01010444201529026,0.01947914808988571,0.03884897381067276,-0.02018148824572563,0.015109158121049404,0.004615856800228357,-0.04925421625375748,0.010955843143165112,0.005546589847654104],[-0.0015159323811531067,0.06004392355680466,-0.04932745546102524,-0.05171811580657959,0.04427937790751457,-0.020699582993984222,0.013764580711722374,0.06547847390174866,-0.00276936125010252,0.037670765072107315,-0.011756299063563347,-0.05314267426729202,-0.0973101556301117,-0.05688648670911789,-0.009753664955496788,-0.015528103336691856,-0.010533086955547333,0.06166516989469528,0.05809921398758888,0.03993940353393555],[0.017908114939928055,0.026203114539384842,-0.05171811580657959,-0.048612646758556366,0.04103840887546539,-0.009854311123490334,-0.012374507263302803,0.07872584462165833,-0.004148439504206181,0.040493205189704895,-0.026807449758052826,-0.05696389824151993,-0.0683385580778122,-0.027217835187911987,0.01837134175002575,-0.01683683879673481,-0.013884513638913631,0.06620544195175171,0.018360521644353867,0.02945111319422722],[0.022177040576934814,0.019304759800434113,0.04427937790751457,0.041038405150175095,-0.05102333426475525,0.055696435272693634,0.00504412641748786,-0.11724717170000076,0.013216925784945488,-0.10122238099575043,-0.04647562652826309,0.04496243968605995,0.03210332989692688,0.025393318384885788,0.016939740628004074,0.05046827346086502,0.0006490591913461685,-0.05428459867835045,-0.014067760668694973,0.013047631829977036],[-0.015402237884700298,-0.03311338275671005,-0.020699582993984222,-0.009854311123490334,0.055696435272693634,-0.04426082596182823,-0.010363046079874039,0.11586214601993561,-0.01445484347641468,0.10167436301708221,0.06086071580648422,-0.053491611033678055,-0.03712717443704605,-0.03835301846265793,-0.020202627405524254,-0.017198830842971802,-0.006465748883783817,-0.03210122138261795,-0.0044579822570085526,0.023452769964933395],[0.013805883936583996,-0.008560760878026485,0.013764581643044949,-0.012374507263302803,0.005044126883149147,-0.010363046079874039,0.014556672424077988,0.030764229595661163,-0.012229316867887974,-0.0029772762209177017,0.014075005427002907,-0.032661959528923035,-0.03716133534908295,0.011089477688074112,-0.0059015038423240185,-0.023368747904896736,0.024379441514611244,0.006498126313090324,0.00939793698489666,0.002222972922027111],[-0.011062370613217354,-0.03011011704802513,0.06547847390174866,0.07872584462165833,-0.11724717170000076,0.11586214601993561,0.030764229595661163,-0.1809893250465393,0.0699274018406868,-0.141739159822464,-0.08631385862827301,0.14110031723976135,0.19605186581611633,0.12384527921676636,-0.017009582370519638,0.05056487396359444,-0.02089894562959671,-0.11172588169574738,-0.0756494477391243,-0.0795745849609375],[0.008360130712389946,-0.007549416273832321,-0.00276936125010252,-0.004148439969867468,0.013216925784945488,-0.01445484347641468,-0.012229317799210548,0.0699274018406868,-0.03870082646608353,0.060220181941986084,0.06460991501808167,-0.04495600238442421,-0.05670545995235443,-0.026169009506702423,-0.03222329169511795,-0.011611400172114372,0.0011817095801234245,0.05073869600892067,-0.010207302868366241,-0.006530291400849819],[0.02250932902097702,-0.00872688926756382,0.037670765072107315,0.040493205189704895,-0.10122238099575043,0.10167436301708221,-0.0029772762209177017,-0.141739159822464,0.060220181941986084,-0.13341709971427917,-0.10436101257801056,0.10668614506721497,0.10713161528110504,0.0790778249502182,0.05150074511766434,0.07173535227775574,-0.007575042545795441,-0.08290336281061172,-0.04645486921072006,-0.0493224635720253],[-0.02086934633553028,-0.007992587983608246,-0.011756299063563347,-0.026807449758052826,-0.04647562652826309,0.06086071580648422,0.014075005427002907,-0.08631385862827301,0.06460991501808167,-0.10436101257801056,0.009587820619344711,0.07207581400871277,0.05737088620662689,0.0813857913017273,0.05151673033833504,-6.860587745904922e-05,0.0007525254040956497,-0.019595079123973846,-0.08456426858901978,-0.0034311171621084213],[-0.009035998955368996,0.010104440152645111,-0.05314267426729202,-0.05696389824151993,0.04496244341135025,-0.053491611033678055,-0.032661959528923035,0.14110031723976135,-0.04495600238442421,0.10668614506721497,0.07207581400871277,-0.07199665904045105,-0.07154012471437454,-0.04912593215703964,-0.020064042881131172,-0.012921465560793877,0.011908264830708504,0.11519595980644226,0.005155283957719803,-0.03128829598426819],[0.02858402580022812,0.01947914808988571,-0.0973101556301117,-0.0683385580778122,0.03210332989692688,-0.03712717443704605,-0.03716133534908295,0.19605186581611633,-0.05670545995235443,0.10713161528110504,0.05737088620662689,-0.07154012471437454,-0.06661123782396317,-0.06460317969322205,-0.041837841272354126,-0.03969113528728485,-0.013231330551207066,0.12858445942401886,0.0030955150723457336,0.02175663784146309],[-0.028214162215590477,0.03884897381067276,-0.05688648670911789,-0.027217835187911987,0.025393318384885788,-0.03835301473736763,0.011089476756751537,0.12384527921676636,-0.026169009506702423,0.0790778249502182,0.0813857913017273,-0.04912593215703964,-0.06460317969322205,-0.09828749299049377,-0.018198180943727493,-0.02487092837691307,0.0014919480308890343,0.0885414406657219,-0.010902464389801025,-0.006845386698842049],[0.018236849457025528,-0.02018148824572563,-0.009753664955496788,0.01837134175002575,0.016939740628004074,-0.020202627405524254,-0.005901504773646593,-0.017009582370519638,-0.03222329169511795,0.05150074511766434,0.05151673033833504,-0.020064042881131172,-0.041837841272354126,-0.018198180943727493,-0.02977912127971649,-0.0075642382726073265,0.018687579780817032,0.039297860115766525,0.009339198470115662,-0.001174463890492916],[-0.015105533413589,0.015109158121049404,-0.015528102405369282,-0.01683683879673481,0.05046827346086502,-0.017198828980326653,-0.023368747904896736,0.05056487396359444,-0.011611399240791798,0.07173535227775574,-6.860587745904922e-05,-0.012921465560793877,-0.03969113528728485,-0.02487092837691307,-0.007564239203929901,-0.013333210721611977,-0.0204889178276062,0.017014143988490105,0.01644512265920639,-0.0027489755302667618],[0.004945309832692146,0.004615856800228357,-0.010533085092902184,-0.013884514570236206,0.0006490591913461685,-0.006465749815106392,0.024379443377256393,-0.02089894562959671,0.0011817095801234245,-0.007575042545795441,0.0007525254040956497,0.011908264830708504,-0.01323133148252964,0.0014919480308890343,0.018687579780817032,-0.0204889178276062,-0.0009902240708470345,-0.04022151976823807,0.05093495547771454,0.014742676168680191],[-0.05334031581878662,-0.04925421625375748,0.061665162444114685,0.06620544195175171,-0.05428459867835045,-0.03210122138261795,0.006498126313090324,-0.11172588169574738,0.05073869600892067,-0.08290336281061172,-0.019595079123973846,0.11519595980644226,0.12858445942401886,0.0885414406657219,0.039297860115766525,0.017014143988490105,-0.04022151976823807,-0.10604850202798843,-0.0022282942663878202,-0.022038327530026436],[0.018850430846214294,0.010955844074487686,0.05809921398758888,0.018360519781708717,-0.014067761600017548,-0.0044579822570085526,0.00939793698489666,-0.0756494477391243,-0.010207301005721092,-0.04645486921072006,-0.08456426858901978,0.00515528442338109,0.0030955150723457336,-0.010902464389801025,0.009339197538793087,0.01644512265920639,0.05093495175242424,-0.0022282942663878202,0.02160404995083809,0.026294276118278503],[0.021872900426387787,0.005546589381992817,0.03993940353393555,0.02945111319422722,0.013047630898654461,0.023452769964933395,0.0022229726891964674,-0.0795745849609375,-0.006530291400849819,-0.0493224635720253,-0.0034311171621084213,-0.03128829598426819,0.02175663784146309,-0.006845385767519474,-0.001174463890492916,-0.0027489757630974054,0.014742677100002766,-0.022038327530026436,0.026294276118278503,0.004626930691301823]],[[0.01882595755159855,-0.010756080970168114,0.0059416163712739944,-0.016646120697259903,-0.000542529858648777,0.025880206376314163,-0.015031869523227215,0.011969571001827717,-0.014775967225432396,0.0009392369538545609,-0.03607843071222305,-0.010134990327060223,0.043074268847703934,-0.014715567231178284,-0.021250229328870773,-0.004155999980866909,0.011542197316884995,0.004311411175876856,0.015834515914320946,0.005768803879618645],[-0.010756080970168114,-0.056206464767456055,0.06441432982683182,0.028062187135219574,-0.0020328769460320473,-0.007251334376633167,0.008613446727395058,-0.020473293960094452,0.036180805414915085,-0.04671553894877434,-0.040887489914894104,0.03452354669570923,0.0392887145280838,-0.011172828264534473,-0.025174777954816818,0.01313297264277935,0.015546205453574657,-0.02862846478819847,0.013229417614638805,-0.0036925077438354492],[0.0059416163712739944,0.06441432982683182,-0.08654899895191193,-0.016268551349639893,0.05301707983016968,-0.018632467836141586,-0.002899961546063423,0.04440835118293762,-0.02653934434056282,0.026737647131085396,0.025468450039625168,-0.03470195084810257,-0.04307086020708084,-0.025843307375907898,-0.02089771255850792,-0.009922334924340248,0.006718114018440247,0.01688341423869133,0.014936053194105625,0.026800410822033882],[-0.016646120697259903,0.028062187135219574,-0.016268551349639893,-0.05203920602798462,0.03211700916290283,-0.03050033003091812,-0.05201452597975731,0.10276808589696884,-0.016555724665522575,0.04056789353489876,0.034214314073324203,-0.02204759791493416,-0.05678877979516983,0.0019603632390499115,-0.030088268220424652,-0.018529243767261505,-0.02216804027557373,0.014080118387937546,0.0543779581785202,0.025498416274785995],[-0.000542529858648777,-0.0020328769460320473,0.05301707983016968,0.03211700916290283,-0.003965551033616066,0.010993734002113342,0.014319057576358318,-0.061487726867198944,0.026634488254785538,-0.051231250166893005,-0.05364414304494858,0.032674774527549744,0.031945109367370605,0.03288158029317856,0.030647385865449905,-0.008842581883072853,-0.02177364192903042,-0.005564151331782341,-0.031104091554880142,-0.025041699409484863],[0.025880206376314163,-0.007251334376633167,-0.018632467836141586,-0.03050033003091812,0.010993734002113342,-0.015511645004153252,-0.00036672502756118774,0.03152770549058914,0.023448333144187927,-0.00311549985781312,-0.017925115302205086,-0.012716487050056458,-0.021806752309203148,-0.01252638641744852,0.02676757238805294,-0.01810159534215927,0.0010188985615968704,0.01701332814991474,0.024460220709443092,-0.002655678428709507],[-0.015031869523227215,0.008613446727395058,-0.002899961546063423,-0.05201452597975731,0.014319057576358318,-0.00036672502756118774,0.05363181233406067,-0.031207744032144547,-0.014221938326954842,0.030746690928936005,-0.015284635126590729,-0.011556543409824371,0.0029442161321640015,0.04860135167837143,-0.030246250331401825,0.017808346077799797,-0.006881847977638245,-0.015019514597952366,-0.001656609121710062,0.019723214209079742],[0.011969571001827717,-0.020473293960094452,0.04440835118293762,0.10276808589696884,-0.061487726867198944,0.03152770549058914,-0.031207744032144547,-0.07258804142475128,0.06642728298902512,-0.095489501953125,-0.03848571330308914,0.045832209289073944,-0.03504205495119095,0.07107165455818176,0.09895214438438416,0.019657373428344727,0.013723235577344894,-0.04782702773809433,-0.07369843870401382,-0.030038101598620415],[-0.014775967225432396,0.036180805414915085,-0.02653934434056282,-0.016555724665522575,0.026634488254785538,0.023448333144187927,-0.014221938326954842,0.06642728298902512,-0.050353311002254486,0.04068119078874588,0.08483627438545227,0.005905548110604286,-0.029230447486042976,-0.04306663200259209,-0.0680677518248558,-0.02276156283915043,-0.022345229983329773,-0.012094447389245033,0.01888309419155121,0.01701531559228897],[0.0009392369538545609,-0.04671553894877434,0.026737647131085396,0.04056789353489876,-0.051231250166893005,-0.00311549985781312,0.030746690928936005,-0.095489501953125,0.04068119078874588,-0.06368844211101532,-0.04569201171398163,0.06398924440145493,0.02581729367375374,0.060557831078767776,0.08138632029294968,0.02237679809331894,0.004293412901461124,-0.030851243063807487,-0.03749698027968407,-0.023813115432858467],[-0.03607843071222305,-0.040887489914894104,0.025468450039625168,0.034214314073324203,-0.05364414304494858,-0.017925115302205086,-0.015284635126590729,-0.03848571330308914,0.08483627438545227,-0.04569201171398163,0.012183725833892822,0.026622630655765533,0.004415394738316536,0.010771236382424831,0.08387638628482819,0.02415974996984005,0.014596506021916866,0.017127780243754387,-0.048257675021886826,-0.04201722890138626],[-0.010134990327060223,0.03452354669570923,-0.03470195084810257,-0.02204759791493416,0.032674774527549744,-0.012716487050056458,-0.011556543409824371,0.045832209289073944,0.005905548110604286,0.06398924440145493,0.026622630655765533,-0.02775515988469124,-0.042773108929395676,-0.0308887530118227,0.001516006886959076,-0.021128978580236435,-0.029950782656669617,0.02348729968070984,0.004684204235672951,0.004418814554810524],[0.043074268847703934,0.0392887145280838,-0.04307086020708084,-0.05678877979516983,0.031945109367370605,-0.021806752309203148,0.0029442161321640015,-0.03504205495119095,-0.029230447486042976,0.02581729367375374,0.004415394738316536,-0.042773108929395676,0.018302559852600098,-0.060802556574344635,-0.021316323429346085,-0.008833292871713638,0.022811030969023705,0.013909120112657547,0.09658033400774002,0.02057611756026745],[-0.014715567231178284,-0.011172828264534473,-0.025843307375907898,0.0019603632390499115,0.03288158029317856,-0.01252638641744852,0.04860135167837143,0.07107165455818176,-0.04306663200259209,0.060557831078767776,0.010771236382424831,-0.0308887530118227,-0.060802556574344635,-0.04827456921339035,-0.01706121116876602,-0.015199538320302963,0.014213564805686474,0.06086074188351631,-0.007379669696092606,-0.013987327925860882],[-0.021250229328870773,-0.025174777954816818,-0.02089771255850792,-0.030088268220424652,0.030647385865449905,0.02676757238805294,-0.030246250331401825,0.09895214438438416,-0.0680677518248558,0.08138632029294968,0.08387638628482819,0.001516006886959076,-0.021316323429346085,-0.01706121116876602,-0.06606932729482651,-0.004840001463890076,-0.007301704958081245,0.009724728763103485,-0.03528948873281479,0.01473248191177845],[-0.004155999980866909,0.01313297264277935,-0.009922334924340248,-0.018529243767261505,-0.008842581883072853,-0.01810159534215927,0.017808346077799797,0.019657373428344727,-0.02276156283915043,0.02237679809331894,0.02415974996984005,-0.021128978580236435,-0.008833292871713638,-0.015199538320302963,-0.004840001463890076,-0.006861444562673569,-0.00017933547496795654,0.01994207315146923,0.006372402887791395,0.01590617187321186],[0.011542197316884995,0.015546205453574657,0.006718114018440247,-0.02216804027557373,-0.02177364192903042,0.0010188985615968704,-0.006881847977638245,0.013723235577344894,-0.022345229983329773,0.004293412901461124,0.014596506021916866,-0.029950782656669617,0.022811030969023705,0.014213564805686474,-0.007301704958081245,-0.00017933547496795654,-0.024760201573371887,-0.014765801839530468,0.010130414739251137,0.03553300350904465],[0.004311411175876856,-0.02862846478819847,0.01688341423869133,0.014080118387937546,-0.005564151331782341,0.01701332814991474,-0.015019514597952366,-0.04782702773809433,-0.012094447389245033,-0.030851243063807487,0.017127780243754387,0.02348729968070984,0.013909120112657547,0.06086074188351631,0.009724728763103485,0.01994207315146923,-0.014765801839530468,-0.025778761133551598,-0.010333120822906494,-0.006477495189756155],[0.015834515914320946,0.013229417614638805,0.014936053194105625,0.0543779581785202,-0.031104091554880142,0.024460220709443092,-0.001656609121710062,-0.07369843870401382,0.01888309419155121,-0.03749698027968407,-0.048257675021886826,0.004684204235672951,0.09658033400774002,-0.007379669696092606,-0.03528948873281479,0.006372402887791395,0.010130414739251137,-0.010333120822906494,0.0007855137810111046,-0.015058032236993313],[0.005768803879618645,-0.0036925077438354492,0.026800410822033882,0.025498416274785995,-0.025041699409484863,-0.002655678428709507,0.019723214209079742,-0.030038101598620415,0.01701531559228897,-0.023813115432858467,-0.04201722890138626,0.004418814554810524,0.02057611756026745,-0.013987327925860882,0.01473248191177845,0.01590617187321186,0.03553300350904465,-0.006477495189756155,-0.015058032236993313,-0.02319156937301159]],[[-0.01785999722778797,0.00418578926473856,-0.010366846807301044,0.012431487441062927,0.0022293440997600555,0.009543859399855137,-0.01230221800506115,-0.004710346460342407,-0.007304878905415535,0.0026716962456703186,-0.0037735924124717712,0.0010002143681049347,0.03842804953455925,-0.009529796428978443,0.00046582333743572235,0.0031939931213855743,0.012708797119557858,-0.006433455273509026,-0.014032342471182346,-0.0005456265062093735],[0.00418578926473856,-0.10215690732002258,0.06563355028629303,0.03809189051389694,-0.016284067183732986,0.0036845598369836807,0.022218428552150726,-0.030201662331819534,-0.00039114197716116905,-0.037468381226062775,-0.005752622149884701,0.031845565885305405,0.005765775218605995,-0.007695171982049942,0.00012360559776425362,0.007131543010473251,-0.0070798322558403015,-0.017058078199625015,0.015608621761202812,0.029798543080687523],[-0.010366846807301044,0.06563355028629303,0.01875472068786621,-0.03125321865081787,-0.013021575286984444,0.009635629132390022,-0.03747328743338585,0.029893089085817337,-0.026546068489551544,-0.0036301612854003906,-0.012198377400636673,0.0065035754814744,-0.048156868666410446,-0.045056603848934174,0.02119552344083786,0.02212096005678177,-0.0009545017965137959,0.021179433912038803,-0.00847841426730156,0.042219389230012894],[0.012431487441062927,0.03809189051389694,-0.03125321865081787,-0.009211812168359756,-0.0009659156203269958,0.004978234879672527,-0.0477735698223114,0.029745174571871758,-0.038351841270923615,0.025753889232873917,-0.013650193810462952,-0.0005207611247897148,-0.00022584572434425354,-0.013236834667623043,0.0031206421554088593,0.0027941083535552025,-0.0003069534432142973,0.0075006429105997086,-0.010891670361161232,0.04197252541780472],[0.0022293440997600555,-0.016284067183732986,-0.013021575286984444,-0.0009659156203269958,0.038323044776916504,-0.02694172039628029,0.0906219631433487,-0.0903514102101326,0.038234516978263855,-0.03273177891969681,0.02517841011285782,-0.008358767256140709,0.004287954419851303,0.03950571268796921,0.014500975608825684,-0.040711455047130585,-0.000803675502538681,-0.03266466408967972,0.04530669003725052,-0.03535362333059311],[0.009543859399855137,0.0036845598369836807,0.009635629132390022,0.004978234879672527,-0.02694172039628029,-0.0010824762284755707,-0.023782651871442795,0.03189591318368912,-0.020211782306432724,-0.03925558179616928,-0.01703588292002678,0.01033915113657713,-0.030101951211690903,-0.010279599577188492,0.011814192868769169,0.007227427791804075,-0.0027476493269205093,0.006748196668922901,0.03460313379764557,0.04096895083785057],[-0.01230221800506115,0.022218428552150726,-0.03747328743338585,-0.0477735698223114,0.0906219631433487,-0.023782651871442795,-0.07639424502849579,0.13117055594921112,-0.05933674797415733,0.14050307869911194,0.04778950661420822,-0.028148330748081207,-0.004519321024417877,-0.055784162133932114,-0.05580499768257141,-0.027131829410791397,-0.0014070495963096619,0.0899820476770401,-0.048782795667648315,-0.04364447668194771],[-0.004710346460342407,-0.030201662331819534,0.029893089085817337,0.029745174571871758,-0.0903514102101326,0.03189591318368912,0.13117055594921112,-0.12656153738498688,0.11029980331659317,-0.09331490099430084,-0.04341208189725876,0.05745374783873558,-0.005569823086261749,0.1124124825000763,0.055220071226358414,0.024281606078147888,-0.01688796654343605,-0.09585189819335938,-0.009172867983579636,-0.06633812189102173],[-0.007304878905415535,-0.00039114197716116905,-0.026546068489551544,-0.038351841270923615,0.038234516978263855,-0.020211782306432724,-0.05933674797415733,0.11029980331659317,-0.0608549639582634,0.11472819745540619,0.042025595903396606,-0.007490839809179306,-0.004584114998579025,-0.03847910463809967,-0.03136401250958443,-0.01267440989613533,0.012566504999995232,0.0654686987400055,-0.054400380700826645,-0.02133304625749588],[0.0026716962456703186,-0.037468381226062775,-0.0036301612854003906,0.025753889232873917,-0.03273177891969681,-0.03925558179616928,0.14050307869911194,-0.09331490099430084,0.11472819745540619,-0.11497335135936737,0.004765106365084648,-0.009347442537546158,-0.03354721888899803,0.08598727732896805,0.0857277661561966,-0.012644512578845024,-0.019192412495613098,-0.07113271951675415,0.033499352633953094,-0.026397883892059326],[-0.0037735924124717712,-0.005752622149884701,-0.012198377400636673,-0.013650193810462952,0.02517841011285782,-0.01703588292002678,0.04778950661420822,-0.04341208189725876,0.042025595903396606,0.004765106365084648,0.03704275190830231,-0.03396527096629143,-0.0209149569272995,0.05665677785873413,-0.008198544383049011,-0.028151389211416245,-0.00332600437104702,-0.030663495883345604,0.04107227176427841,-0.03348802775144577],[0.0010002143681049347,0.031845565885305405,0.0065035754814744,-0.0005207611247897148,-0.008358767256140709,0.01033915113657713,-0.028148330748081207,0.05745374783873558,-0.007490839809179306,-0.009347442537546158,-0.03396527096629143,0.0169188492000103,0.0009378436952829361,-0.01727587915956974,0.0018364377319812775,0.013696901500225067,-0.01766364276409149,0.014111960306763649,-0.04532959312200546,0.013456245884299278],[0.03842804953455925,0.005765775218605995,-0.048156868666410446,-0.00022584572434425354,0.004287954419851303,-0.030101951211690903,-0.004519321024417877,-0.005569823086261749,-0.004584114998579025,-0.03354721888899803,-0.0209149569272995,0.0009378436952829361,-0.05659886822104454,-0.02735072374343872,0.023994648829102516,-0.012054121121764183,0.0016414131969213486,-0.010109558701515198,0.13422000408172607,0.044457629323005676],[-0.009529796428978443,-0.007695171982049942,-0.045056603848934174,-0.013236834667623043,0.03950571268796921,-0.010279599577188492,-0.055784162133932114,0.1124124825000763,-0.03847910463809967,0.08598727732896805,0.05665677785873413,-0.01727587915956974,-0.02735072374343872,-0.049404315650463104,-0.03334338963031769,-0.01810319907963276,-0.03405475243926048,0.0572042278945446,0.021697191521525383,-0.013870185241103172],[0.00046582333743572235,0.00012360559776425362,0.02119552344083786,0.0031206421554088593,0.014500975608825684,0.011814192868769169,-0.05580499768257141,0.055220071226358414,-0.03136401250958443,0.0857277661561966,-0.008198544383049011,0.0018364377319812775,0.023994648829102516,-0.03334338963031769,-0.04972803592681885,0.008244292810559273,0.007433449849486351,0.03692443668842316,-0.08484531939029694,-0.0073175979778170586],[0.0031939931213855743,0.007131543010473251,0.02212096005678177,0.0027941083535552025,-0.040711455047130585,0.007227427791804075,-0.027131829410791397,0.024281606078147888,-0.01267440989613533,-0.012644512578845024,-0.028151389211416245,0.013696901500225067,-0.012054121121764183,-0.01810319907963276,0.008244292810559273,0.03407539799809456,0.015716275200247765,0.02147713117301464,-0.017008887603878975,0.008520166389644146],[0.012708797119557858,-0.0070798322558403015,-0.0009545017965137959,-0.0003069534432142973,-0.000803675502538681,-0.0027476493269205093,-0.0014070495963096619,-0.01688796654343605,0.012566504999995232,-0.019192412495613098,-0.00332600437104702,-0.01766364276409149,0.0016414131969213486,-0.03405475243926048,0.007433449849486351,0.015716275200247765,0.007592117413878441,-0.0026138126850128174,0.023201214149594307,0.026178453117609024],[-0.006433455273509026,-0.017058078199625015,0.021179433912038803,0.0075006429105997086,-0.03266466408967972,0.006748196668922901,0.0899820476770401,-0.09585189819335938,0.0654686987400055,-0.07113271951675415,-0.030663495883345604,0.014111960306763649,-0.010109558701515198,0.0572042278945446,0.03692443668842316,0.02147713117301464,-0.0026138126850128174,-0.05200774595141411,0.024461038410663605,-0.02652241475880146],[-0.014032342471182346,0.015608621761202812,-0.00847841426730156,-0.010891670361161232,0.04530669003725052,0.03460313379764557,-0.048782795667648315,-0.009172867983579636,-0.054400380700826645,0.033499352633953094,0.04107227176427841,-0.04532959312200546,0.13422000408172607,0.021697191521525383,-0.08484531939029694,-0.017008887603878975,0.023201214149594307,0.024461038410663605,-0.06466418504714966,-0.01606304757297039],[-0.0005456265062093735,0.029798543080687523,0.042219389230012894,0.04197252541780472,-0.03535362333059311,0.04096895083785057,-0.04364447668194771,-0.06633812189102173,-0.02133304625749588,-0.026397883892059326,-0.03348802775144577,0.013456245884299278,0.044457629323005676,-0.013870185241103172,-0.0073175979778170586,0.008520166389644146,0.026178453117609024,-0.02652241475880146,-0.01606304757297039,0.04330211877822876]],[[-0.018058741465210915,-0.020475691184401512,0.026759706437587738,0.018930945545434952,-0.008580077439546585,0.012187805958092213,-0.00951332040131092,-0.008404221385717392,-0.013826882466673851,0.016006024554371834,-0.015598361380398273,0.021196389570832253,-0.007939198985695839,0.018675709143280983,0.00684407539665699,0.005679238587617874,4.6741217374801636e-05,-0.04204215854406357,0.012124493718147278,0.005987522192299366],[-0.020475689321756363,-0.07393109053373337,0.03701183572411537,0.041742801666259766,-0.005907475017011166,0.013494791463017464,-0.010826034471392632,0.039983730763196945,-0.03923986107110977,-0.0017057331278920174,-0.004289684817194939,0.013762108981609344,0.03424050286412239,-0.006321187596768141,-0.03144906088709831,0.004459078423678875,0.02874743938446045,-0.02797085791826248,0.00739650335162878,0.0012778847012668848],[0.02675970457494259,0.03701183944940567,-0.022070560604333878,-0.019931482151150703,0.04252352565526962,0.0008133482187986374,-0.039561495184898376,0.02357630431652069,-0.005565699189901352,0.008717373944818974,-0.0004502050578594208,-0.0407894104719162,0.0027935439720749855,-0.020276833325624466,-0.027747634798288345,-0.02003178372979164,-0.010877414606511593,-0.0005271071568131447,0.025060094892978668,0.04057391732931137],[0.018930945545434952,0.041742801666259766,-0.019931484013795853,-0.07709400355815887,0.0023282114416360855,-0.011219787411391735,-0.013198764063417912,0.02395704574882984,0.007275181356817484,0.004568587988615036,0.030045757070183754,-0.04401559382677078,-0.021626552566885948,-0.012747302651405334,-0.0006207181140780449,0.005026764236390591,0.0012185964733362198,0.024453584104776382,0.03970826789736748,0.0011984603479504585],[-0.00858007837086916,-0.005907474085688591,0.042523521929979324,0.00232821237295866,-0.008967405185103416,0.008541146293282509,0.01033998653292656,-0.02775616943836212,0.006579984910786152,-0.02129194885492325,-0.02892770804464817,0.04525095596909523,0.022064194083213806,0.023713422939181328,-0.0012566391378641129,0.023151928558945656,0.009147115051746368,0.009094765409827232,-0.07640572637319565,-0.023642126470804214],[0.01218780595809