[-1.1963622570037842,[-0.2082192301750183,-0.035405874252319336,-0.31400442123413086,-0.3937845826148987,0.6472795009613037,-0.797674834728241,-0.3030303120613098,0.782982349395752,-0.38972675800323486,0.6569646596908569,0.5623161792755127,-0.1606452465057373,-0.6670655608177185,-0.22221803665161133,-0.19093209505081177,-0.42928987741470337,-0.24370908737182617,0.6526714563369751,0.4933428168296814,0.5601494908332825],[0.18101894855499268,-0.003291010856628418,-0.06390337646007538,0.12942752242088318,-0.15125514566898346,-0.17288453876972198,0.19630613923072815,-0.0994379073381424,0.17377841472625732,-0.03517923131585121,-0.1344418227672577,0.0486360527575016,-0.7677866816520691,0.1252201348543167,0.2547467052936554,0.052690982818603516,0.13632319867610931,0.11147242784500122,-0.018496625125408173,0.037055838853120804],[0.2318657487630844,0.34495460987091064,-0.13879840075969696,-0.09409374743700027,-0.07480257004499435,0.1856798678636551,0.004371821880340576,-0.18305647373199463,-0.09838175773620605,-0.11663897335529327,-0.02653639018535614,-0.05579749494791031,0.2645905017852783,-0.08324223756790161,-0.0662418007850647,0.18538515269756317,0.058797404170036316,-0.10939107090234756,-0.10052522271871567,-0.1281391829252243],[0.18142691254615784,0.309216171503067,0.24050089716911316,0.22406896948814392,-0.0014875475317239761,0.048723869025707245,0.04190247505903244,-0.5174506306648254,-0.15663161873817444,-0.09520173817873001,0.019636541604995728,0.20860736072063446,-0.48283156752586365,0.22799132764339447,-0.5666606426239014,0.21367934346199036,0.10805091261863708,-0.26304173469543457,0.27041712403297424,-0.010916506871581078],[-0.000621303915977478,-0.04236707091331482,0.16749688982963562,0.1027759313583374,-0.22327759861946106,0.09729564189910889,0.014219224452972412,-0.17402304708957672,0.09196498990058899,-0.08217920362949371,-0.10208350419998169,0.03787732124328613,0.43921974301338196,0.04113495349884033,0.047284066677093506,0.09902119636535645,0.1001131534576416,-0.10806497931480408,-0.2641492784023285,-0.2416372001171112],[0.24135679006576538,0.1036139726638794,0.4140751361846924,-0.1125173568725586,-0.4890569746494293,0.23334765434265137,-0.10084253549575806,0.09408873319625854,-0.1436089277267456,0.08987075090408325,-0.13867461681365967,0.4488236904144287,0.24270963668823242,-0.2508051097393036,-0.14266514778137207,0.3058922290802002,0.34904980659484863,0.1659948229789734,-0.6261566281318665,-0.6844969987869263],[0.006284119561314583,0.01257656142115593,0.1363188773393631,0.1323114037513733,-0.014021079987287521,0.06480671465396881,-0.02152470499277115,-0.05351519212126732,-0.11217239499092102,0.1200745701789856,-0.09043188393115997,-0.06595267355442047,0.07997126877307892,0.13175031542778015,0.05592082813382149,-0.0842403769493103,-0.20414632558822632,-0.06499850749969482,-0.05177390202879906,0.022762414067983627],[0.01541125774383545,0.042628899216651917,-0.31845787167549133,0.09486544877290726,0.12248518317937851,0.0501672625541687,0.035664498805999756,-0.0597270131111145,0.08285877108573914,0.12960799038410187,0.1357281655073166,-0.37475159764289856,0.018827810883522034,0.04176740348339081,0.13599036633968353,-0.11539256572723389,-0.15866652131080627,-0.0779658854007721,-0.0010086596012115479,0.19996675848960876],[0.12263353168964386,0.43567246198654175,0.022728264331817627,0.12366835027933121,0.04560260474681854,0.23126009106636047,-0.2523273825645447,-0.032251134514808655,-0.1393713504076004,4.655122756958008e-05,0.06817349791526794,-0.4231794476509094,-0.4717329740524292,0.18968042731285095,0.019330576062202454,0.13820409774780273,-0.12011052668094635,0.023959457874298096,-0.18200354278087616,0.20001666247844696],[[0.0313078947365284,0.018197406083345413,-0.023946713656187057,0.01633920520544052,-0.09089985489845276,0.026589285582304,0.04634961485862732,-0.0030773207545280457,0.06815709173679352,-0.0920320600271225,-0.10045751929283142,0.028853418305516243,0.0881388708949089,0.03549440950155258,0.018621761351823807,-0.01123356819152832,0.031560808420181274,-0.05720466375350952,-0.005756822880357504,-0.025001218542456627],[0.018197406083345413,-0.04195046424865723,-0.03172053396701813,0.004307042807340622,0.03436679393053055,-0.10112445056438446,0.00780611764639616,0.10434219241142273,0.09677056968212128,0.012743692845106125,0.002759598195552826,0.060080792754888535,-0.4497367739677429,0.06488760560750961,0.10906992852687836,0.07651713490486145,-0.05358332395553589,0.03662418946623802,0.049908868968486786,-0.0002663594204932451],[-0.023946713656187057,-0.03172053396701813,-0.06439564377069473,-0.042482540011405945,0.07743118703365326,-0.03940693289041519,0.06124461814761162,0.10144348442554474,-0.02069615200161934,0.06384855508804321,-0.059293217957019806,-0.022793881595134735,-0.035907529294490814,-0.035148587077856064,0.006727496162056923,-0.047342631965875626,-0.0342317670583725,0.007225269451737404,0.057332880795001984,0.08211274445056915],[0.01633920520544052,0.004307042807340622,-0.042482540011405945,0.1244523674249649,-0.049947112798690796,-0.03926745057106018,0.04346737638115883,-0.037974391132593155,0.018359847366809845,0.04225964844226837,-0.03339497745037079,-0.06058622896671295,0.02579594776034355,-0.0646141991019249,0.02735692262649536,0.02020389214158058,0.06375959515571594,-0.03591051697731018,0.012859974056482315,-0.03498447313904762],[-0.09089986234903336,0.03436679393053055,0.07743117958307266,-0.049947112798690796,0.05200434476137161,-0.04374396800994873,-0.0016527287662029266,0.02642929181456566,-0.0035510510206222534,-0.027558617293834686,0.03534746915102005,-0.036279380321502686,-0.03955741971731186,-0.001365605741739273,-0.01517440751194954,0.0644623413681984,-0.01073935255408287,0.000817224383354187,-0.02919987216591835,0.058810796588659286],[0.026589278131723404,-0.10112445056438446,-0.03940694034099579,-0.03926745057106018,-0.04374396800994873,-0.15113875269889832,0.10265962779521942,0.03667343407869339,0.10486620664596558,0.018152128905057907,-0.014157942496240139,-0.03781638294458389,-0.16942660510540009,-0.02029528096318245,0.1270970106124878,-0.0008621606975793839,-0.0630648285150528,0.16388946771621704,0.05823110044002533,0.04214649647474289],[0.04634961485862732,0.007806110195815563,0.06124461814761162,0.04346737638115883,-0.0016527287662029266,0.10265962034463882,0.05933154374361038,-0.1552010178565979,0.0425143726170063,-0.008504785597324371,-0.16180282831192017,0.0669386237859726,0.04656063765287399,-0.050864823162555695,-0.044544655829668045,0.0323169119656086,0.11312104761600494,-0.08550941944122314,-0.057279445230960846,-0.056950751692056656],[-0.0030773133039474487,0.10434219241142273,0.10144348442554474,-0.03797438368201256,0.02642929181456566,0.03667343407869339,-0.1552010178565979,0.12883350253105164,-0.06994622945785522,0.03284033387899399,0.10792221873998642,0.04457633197307587,0.0877227783203125,-0.04598095268011093,-0.0765456110239029,-0.09279289841651917,-0.06705208122730255,0.00640266016125679,-0.04460402578115463,-0.08401177078485489],[0.06815710663795471,0.09677056968212128,-0.02069615200161934,0.018359847366809845,-0.0035510510206222534,0.10486620664596558,0.0425143726170063,-0.06994622945785522,0.01732679456472397,-0.029146168380975723,0.00147208571434021,-0.01153930276632309,0.051460929214954376,-0.0036889128386974335,-0.07319505512714386,-0.0063552409410476685,0.05299200117588043,-0.0628233477473259,-0.05004257708787918,-0.12293584644794464],[-0.0920320451259613,0.012743700295686722,0.06384855508804321,0.04225965589284897,-0.027558617293834686,0.018152128905057907,-0.008504785597324371,0.03284033387899399,-0.02914617583155632,-0.005196563899517059,0.05079777538776398,0.06827035546302795,-0.07453331351280212,-0.021190937608480453,0.028570929542183876,0.05616986006498337,0.03496852144598961,0.019154205918312073,-0.07088375091552734,-0.09872978925704956],[-0.10045751184225082,0.002759598195552826,-0.0592932254076004,-0.03339497745037079,0.03534746915102005,-0.014157942496240139,-0.16180282831192017,0.10792221873998642,0.0014720931649208069,0.05079777538776398,0.12524744868278503,-0.029449552297592163,0.04219042509794235,0.06517922878265381,0.02891625463962555,0.006090812385082245,-0.08718401193618774,0.042875513434410095,-0.009212013334035873,-0.013846728950738907],[0.028853418305516243,0.060080792754888535,-0.022793881595134735,-0.06058622896671295,-0.03627937287092209,-0.037816375494003296,0.0669386237859726,0.04457633197307587,-0.01153930276632309,0.06827035546302795,-0.029449544847011566,-0.005774699151515961,0.0018870830535888672,-0.012332718819379807,-0.019179407507181168,-0.09313211590051651,-0.03188251703977585,0.014790533110499382,0.016865532845258713,0.058503564447164536],[0.0881388708949089,-0.4497367739677429,-0.03590752184391022,0.02579594776034355,-0.03955741971731186,-0.1694265902042389,0.04656063765287399,0.0877227783203125,0.05146092176437378,-0.07453332096338272,0.04219042509794235,0.0018870905041694641,2.9802322387695312e-08,-0.032952651381492615,0.1314118504524231,-0.06466421484947205,-0.03267579525709152,0.05421880632638931,0.16318637132644653,0.20688064396381378],[0.03549440950155258,0.06488760560750961,-0.03514859452843666,-0.0646141991019249,-0.001365605741739273,-0.02029528096318245,-0.050864823162555695,-0.04598095268011093,-0.0036889128386974335,-0.021190937608480453,0.06517922878265381,-0.012332718819379807,-0.03295265883207321,0.14600354433059692,-0.021634181961417198,-0.06350968778133392,-0.04243659973144531,0.0609002560377121,0.007927032187581062,0.03562314063310623],[0.018621761351823807,0.10906992852687836,0.006727496162056923,0.027356917038559914,-0.01517440751194954,0.1270970106124878,-0.04454464837908745,-0.0765456110239029,-0.07319506257772446,0.028570929542183876,0.028916247189044952,-0.019179407507181168,0.1314118504524231,-0.021634181961417198,-0.07480286806821823,0.014520043507218361,0.029816823080182076,-0.0760197713971138,-0.05649285390973091,-0.06452010571956635],[-0.01123356819152832,0.07651713490486145,-0.047342631965875626,0.02020389214158058,0.06446234881877899,-0.0008621532469987869,0.0323169119656086,-0.09279290586709976,-0.0063552409410476685,0.05616986006498337,0.006090812385082245,-0.09313210844993591,-0.06466422230005264,-0.06350968778133392,0.014520043507218361,0.010756917297840118,-0.007694454863667488,-0.00922330655157566,0.06700257956981659,0.048769760876894],[0.031560808420181274,-0.05358332768082619,-0.0342317670583725,0.06375961005687714,-0.01073935255408287,-0.0630648285150528,0.11312104761600494,-0.06705208867788315,0.052991993725299835,0.03496852144598961,-0.08718401938676834,-0.03188250958919525,-0.03267579525709152,-0.042436592280864716,0.029816823080182076,-0.007694447413086891,0.011548332870006561,0.022242356091737747,0.013757787644863129,0.0567774698138237],[-0.05720466375350952,0.03662418946623802,0.007225269451737404,-0.03591051697731018,0.000817224383354187,0.16388946771621704,-0.08550941199064255,0.006402652710676193,-0.0628233402967453,0.019154205918312073,0.042875513434410095,0.014790533110499382,0.05421880632638931,0.0609002560377121,-0.0760197639465332,-0.00922330655157566,0.02224234864115715,-0.034500885754823685,-0.03253058344125748,-0.03541800379753113],[-0.005756815895438194,0.049908868968486786,0.057332880795001984,0.012859974056482315,-0.02919987216591835,0.05823110044002533,-0.05727943778038025,-0.04460402578115463,-0.05004258453845978,-0.07088375836610794,-0.009212013334035873,0.016865532845258713,0.16318637132644653,0.007927032187581062,-0.056492846459150314,0.06700257956981659,0.013757787644863129,-0.03253058344125748,-0.0458548367023468,-0.04521535709500313],[-0.025001218542456627,-0.0002663594204932451,0.08211274445056915,-0.03498447313904762,0.058810796588659286,0.04214649647474289,-0.056950751692056656,-0.08401177078485489,-0.12293583154678345,-0.09872979670763016,-0.013846728950738907,0.058503564447164536,0.20688064396381378,0.03562314063310623,-0.06452010571956635,0.048769764602184296,0.0567774698138237,-0.03541800379753113,-0.04521535709500313,-0.007744230329990387]],[[0.027018995955586433,0.020599089562892914,0.03504319489002228,0.04143143445253372,-0.07000778615474701,0.04956485703587532,0.05886055529117584,-0.11223344504833221,0.06904471665620804,-0.06695190072059631,-0.06579087674617767,-0.044201016426086426,0.16137202084064484,-0.0338117778301239,0.06628169119358063,0.05459289252758026,0.04139616712927818,-0.2040082812309265,-0.03416920080780983,0.005968615412712097],[0.02059909515082836,0.038353919982910156,0.05388201028108597,0.05160059779882431,-0.05741674453020096,0.01119590550661087,0.025363927707076073,-0.08494273573160172,0.026976168155670166,-0.046862754970788956,-0.023078106343746185,-0.013963207602500916,0.08713120222091675,0.15127785503864288,-0.027935028076171875,0.05396784469485283,-0.0020505115389823914,-0.13621361553668976,-0.07074402272701263,-0.05714184790849686],[0.03504318743944168,0.05388201028108597,-0.10505199432373047,0.001964842900633812,0.010317064821720123,-0.1741693764925003,0.07922228425741196,0.09387989342212677,0.07410985231399536,0.040558867156505585,-0.06483757495880127,-0.16899177432060242,-0.19925303757190704,-0.031757138669490814,0.00727994367480278,-0.00046251341700553894,-0.00864407792687416,0.12238823622465134,0.1471281349658966,0.08739319443702698],[0.04143143445253372,0.05160059779882431,0.001964844763278961,0.04322153702378273,0.15076783299446106,0.03321829438209534,0.03045448660850525,0.09071886539459229,-0.11193537712097168,0.035040855407714844,0.013901621103286743,-0.08814416080713272,-0.01648356020450592,-0.23494061827659607,-0.05447979271411896,-0.08818704634904861,-0.04505503177642822,0.0880645141005516,0.08110001683235168,-0.022259525954723358],[-0.07000777870416641,-0.05741674080491066,0.010317064821720123,0.15076783299446106,-0.14918875694274902,0.23722264170646667,0.007346498779952526,-0.07311958074569702,0.07811380922794342,-0.12125006318092346,-0.06917212158441544,0.1235150545835495,-0.0009224191308021545,0.030255291610956192,-0.0014191530644893646,-0.006240662187337875,-0.018285203725099564,-0.043288931250572205,-0.04253821447491646,0.015311455354094505],[0.04956485331058502,0.01119590550661087,-0.1741693913936615,0.03321829438209534,0.23722264170646667,0.019325807690620422,-0.0316280871629715,0.07188370078802109,-0.004998132586479187,0.040773339569568634,0.10732568800449371,-0.007583349943161011,0.012597944587469101,-0.20071694254875183,-0.00357663631439209,0.03483808785676956,-0.052614420652389526,-0.08290813118219376,-0.15903085470199585,0.09927970170974731],[0.05886055901646614,0.025363925844430923,0.07922228425741196,0.03045448660850525,0.007346500642597675,-0.0316280871629715,0.040875911712646484,-0.04012949764728546,-0.08774367719888687,-0.017054948955774307,0.060333266854286194,-0.03828023746609688,0.0646965429186821,-0.08557534217834473,-0.05690199136734009,0.018907982856035233,0.01826385036110878,0.01116265170276165,-0.052152883261442184,-0.006021251901984215],[-0.11223344504833221,-0.08494274318218231,0.09387989342212677,0.09071885794401169,-0.07311958074569702,0.07188370078802109,-0.04012949392199516,-0.02074451930820942,0.07614004611968994,-0.09452679753303528,-0.01817684806883335,0.1460542380809784,0.13113421201705933,0.15571580827236176,-0.08365835249423981,-0.01978023163974285,-0.10880224406719208,-0.051937855780124664,-0.04777287319302559,-0.009701700881123543],[0.06904471665620804,0.026976168155670166,0.07410985231399536,-0.11193537712097168,0.07811380922794342,-0.004998132586479187,-0.08774366974830627,0.07614004611968994,-0.01718553714454174,0.04259185120463371,0.008758313953876495,-0.13863340020179749,-0.0722300186753273,-0.00021039694547653198,-0.05887625366449356,-0.07041732966899872,0.08507925271987915,0.08518988639116287,-0.02518894337117672,0.0414152517914772],[-0.06695190072059631,-0.04686275124549866,0.040558867156505585,0.035040855407714844,-0.12125005573034286,0.040773339569568634,-0.017054947093129158,-0.09452679753303528,0.042591847479343414,-0.09954637289047241,-0.12193822115659714,0.14611737430095673,0.10529597848653793,0.1592990905046463,0.06366530805826187,0.032838478684425354,0.0016013570129871368,-0.06481529772281647,-0.019034234806895256,-0.01580188237130642],[-0.06579087674617767,-0.023078104481101036,-0.06483757495880127,0.01390162855386734,-0.06917211413383484,0.10732568055391312,0.060333266854286194,-0.01817685179412365,0.008758306503295898,-0.12193822115659714,-0.014630859717726707,0.0442221537232399,0.0002777203917503357,0.14174595475196838,0.07036158442497253,-0.04962674155831337,0.0168612003326416,-0.0031384602189064026,-0.07841429114341736,0.045016586780548096],[-0.044201016426086426,-0.013963207602500916,-0.16899177432060242,-0.08814415335655212,0.1235150545835495,-0.007583349943161011,-0.03828023001551628,0.1460542380809784,-0.13863340020179749,0.14611735939979553,0.0442221537232399,-0.12715347111225128,-0.12152251601219177,-0.01677994430065155,-0.020032837986946106,0.03528451919555664,0.0072840056382119656,0.18149405717849731,0.13984456658363342,-0.03853010758757591],[0.16137200593948364,0.08713120222091675,-0.19925302267074585,-0.01648356020450592,-0.0009224265813827515,0.012597940862178802,0.0646965503692627,0.13113421201705933,-0.0722300186753273,0.10529597103595734,0.0002777203917503357,-0.12152251601219177,-0.24821454286575317,-0.11827912926673889,-0.006391303613781929,0.05761156231164932,0.056546904146671295,0.12846346199512482,-0.00802997499704361,-0.013801153749227524],[-0.0338117778301239,0.15127785503864288,-0.031757134944200516,-0.23494063317775726,0.030255291610956192,-0.20071694254875183,-0.08557534217834473,0.15571580827236176,-0.00021039694547653198,0.1592990905046463,0.14174595475196838,-0.016779951751232147,-0.11827912926673889,-0.03535134345293045,0.06478676944971085,-0.010833624750375748,0.030809026211500168,0.09663373976945877,0.015852730721235275,-0.07812010496854782],[0.06628169119358063,-0.027935028076171875,0.00727994367480278,-0.05447978898882866,-0.001419156789779663,-0.00357663631439209,-0.05690198764204979,-0.0836583599448204,-0.05887625366449356,0.06366531550884247,0.07036159187555313,-0.020032836124300957,-0.006391305476427078,0.06478676944971085,-0.02849121019244194,-0.021750129759311676,0.021856563165783882,0.06219926476478577,0.024631861597299576,-0.017550304532051086],[0.05459289252758026,0.05396784096956253,-0.0004625171422958374,-0.08818703889846802,-0.006240658462047577,0.034838080406188965,0.01890798658132553,-0.0197802372276783,-0.07041732966899872,0.032838474959135056,-0.04962673783302307,0.03528451919555664,0.05761156231164932,-0.01083362102508545,-0.021750129759311676,0.055431440472602844,-0.00907381996512413,0.0075336359441280365,-0.008761655539274216,-0.06587275117635727],[0.041396163403987885,-0.0020505040884017944,-0.008644074201583862,-0.04505503177642822,-0.018285203725099564,-0.05261442810297012,0.01826385036110878,-0.10880225151777267,0.08507924526929855,0.0016013532876968384,0.0168612077832222,0.007284007500857115,0.05654691159725189,0.030809029936790466,0.021856561303138733,-0.009073816239833832,-0.023631002753973007,-0.09878715127706528,0.11182906478643417,-0.02458381839096546],[-0.2040082812309265,-0.13621361553668976,0.12238824367523193,0.0880645141005516,-0.043288931250572205,-0.08290811628103256,0.0111626535654068,-0.05193785950541496,0.08518988639116287,-0.06481529772281647,-0.003138456493616104,0.18149405717849731,0.12846344709396362,0.09663373976945877,0.062199272215366364,0.0075336359441280365,-0.09878715127706528,-0.10303372144699097,0.008571214973926544,-0.00356918852776289],[-0.03416919335722923,-0.07074402272701263,0.1471281349658966,0.08110001683235168,-0.04253821074962616,-0.15903085470199585,-0.052152879536151886,-0.04777286946773529,-0.02518894337117672,-0.019034232944250107,-0.07841429114341736,0.13984456658363342,-0.00802997499704361,0.015852730721235275,0.024631859734654427,-0.008761653676629066,0.11182906478643417,0.008571214973926544,0.00046289432793855667,0.01641664281487465],[0.005968611687421799,-0.05714184418320656,0.08739319443702698,-0.022259525954723358,0.015311457216739655,0.09927970170974731,-0.006021251901984215,-0.009701700881123543,0.0414152517914772,-0.01580188237130642,0.045016590505838394,-0.038530103862285614,-0.013801153749227524,-0.07812009751796722,-0.017550304532051086,-0.06587275117635727,-0.02458381839096546,-0.00356918852776289,0.01641664281487465,0.04215220361948013]],[[-0.0023876577615737915,-0.020496618002653122,0.04732644557952881,0.0014426503330469131,-0.021128594875335693,0.0344696082174778,-0.035055141896009445,0.039321571588516235,-0.02154942974448204,-0.013540372252464294,-0.017418619245290756,0.008051058277487755,0.08858512341976166,-0.010646370239555836,-0.025768743827939034,-0.009342441335320473,0.0018984097987413406,0.003315301612019539,0.003406418487429619,-0.0504826158285141],[-0.020496618002653122,-0.12182890623807907,0.13006076216697693,0.02576320618391037,-0.020597469061613083,0.04423399269580841,-0.04275837540626526,0.06785501539707184,0.031818561255931854,-0.06031077355146408,-0.06683263182640076,0.07030241936445236,0.07228036969900131,0.0034193769097328186,-0.02895285002887249,0.007331252098083496,-0.007691375911235809,-0.02549147978425026,-0.026662252843379974,-0.03144221380352974],[0.04732644557952881,0.13006076216697693,-0.1022496223449707,-0.045878879725933075,0.09052962064743042,-0.06523265689611435,0.03357035666704178,0.009071547538042068,0.015598662197589874,0.02920782007277012,0.018875058740377426,-0.10034062713384628,-0.07113359868526459,-0.04182906821370125,0.01947944052517414,-0.06280871480703354,0.03541940450668335,-0.0021759197115898132,0.061150625348091125,0.0013593751937150955],[0.0014426494017243385,0.02576320618391037,-0.045878879725933075,-0.13024838268756866,0.092486172914505,-0.08804718405008316,-0.048719607293605804,0.03714784234762192,-0.025500815361738205,-0.002630084753036499,0.06127556413412094,-0.03223459795117378,-0.051781293004751205,0.034549303352832794,0.00834207609295845,-0.025208905339241028,0.008196662180125713,0.014590177685022354,0.08881166577339172,0.07764451205730438],[-0.021128594875335693,-0.020597469061613083,0.09052962064743042,0.092486172914505,0.04959908872842789,-0.014425816014409065,-0.043696124106645584,-0.05182535946369171,-0.0027364827692508698,-0.014164919033646584,-0.1011548787355423,0.0938275158405304,0.07234746217727661,0.054531775414943695,-0.018185440450906754,-0.05710132420063019,-0.028062941506505013,-0.025250200182199478,-0.033934563398361206,-0.021057531237602234],[0.0344696082174778,0.04423399269580841,-0.06523265689611435,-0.08804718405008316,-0.014425816014409065,-0.05703312158584595,-0.014843501150608063,0.10024142265319824,0.042013972997665405,0.010744431987404823,-0.008183484897017479,-0.03339041769504547,-0.056957174092531204,0.0029429327696561813,0.06929093599319458,-0.01980808563530445,-0.01190844178199768,0.02617705799639225,0.055899281054735184,-0.016183670610189438],[-0.035055141896009445,-0.04275837540626526,0.03357035666704178,-0.048719607293605804,-0.043696124106645584,-0.014843502081930637,0.11088861525058746,-0.11014515906572342,0.02408001944422722,-0.02767994999885559,-0.08285336941480637,0.041394464671611786,0.07080043852329254,0.09455391019582748,-0.016685478389263153,0.025124985724687576,0.03486816585063934,-0.04529660940170288,-0.010219516232609749,0.04267192631959915],[0.039321571588516235,0.06785501539707184,0.009071547538042068,0.03714784234762192,-0.05182535946369171,0.10024142265319824,-0.11014515906572342,-0.03805031627416611,0.022767484188079834,-0.04562358185648918,-0.008284047245979309,0.05650283023715019,0.04816127568483353,0.004331231117248535,-0.010575540363788605,0.01942022144794464,-0.0216809194535017,-0.03582426533102989,-0.06911733746528625,-0.013693921267986298],[-0.02154942974448204,0.031818561255931854,0.015598662197589874,-0.025500815361738205,-0.0027364827692508698,0.042013972997665405,0.02408001944422722,0.022767484188079834,-0.0593976229429245,0.05158499628305435,0.09777158498764038,0.05059351772069931,-0.15227137506008148,-0.04420218616724014,-0.08337070792913437,0.026042817160487175,0.012853632681071758,-0.035959381610155106,0.02096293866634369,0.028899893164634705],[-0.013540373183786869,-0.06031077355146408,0.029207821935415268,-0.002630084753036499,-0.014164919033646584,0.010744431987404823,-0.02767994999885559,-0.04562357813119888,0.05158499628305435,-0.044278670102357864,-0.04969552904367447,0.053962115198373795,0.06634566187858582,0.06595848500728607,0.0357072539627552,0.0027264729142189026,0.003989560529589653,-0.04026814177632332,-0.004378899931907654,-0.017655879259109497],[-0.017418619245290756,-0.06683263182640076,0.018875058740377426,0.06127556413412094,-0.1011548787355423,-0.008183484897017479,-0.08285336941480637,-0.008284047245979309,0.09777158498764038,-0.04969552904367447,-0.06868785619735718,0.037806350737810135,0.08287318050861359,0.006484209559857845,0.11681947112083435,0.04646195471286774,-0.015554413199424744,0.02706937864422798,-0.02101515606045723,-0.055756859481334686],[0.008051058277487755,0.07030241936445236,-0.10034062713384628,-0.03223459795117378,0.0938275158405304,-0.03339041769504547,0.041394464671611786,0.05650283023715019,0.05059351772069931,0.053962115198373795,0.037806350737810135,0.011835537850856781,-0.11261261254549026,-0.09367643296718597,0.046900674700737,-0.046450451016426086,-0.056698333472013474,0.024614986032247543,0.006677985191345215,-0.02706598863005638],[0.08858512341976166,0.07228036969900131,-0.07113359868526459,-0.051781293004751205,0.07234746217727661,-0.056957174092531204,0.07080043852329254,0.04816127568483353,-0.15227137506008148,0.06634566187858582,0.08287318050861359,-0.11261261254549026,0.025933384895324707,-0.20035889744758606,-0.09888722002506256,-0.010487254709005356,-0.007206909358501434,0.07483334839344025,0.08363138139247894,0.07590468972921371],[-0.010646369308233261,0.0034193769097328186,-0.04182906821370125,0.034549303352832794,0.054531775414943695,0.002942933700978756,0.09455391019582748,0.004331231117248535,-0.04420218616724014,0.06595848500728607,0.00648421049118042,-0.09367643296718597,-0.20035889744758606,-0.09745509922504425,0.0518653579056263,-0.012968051247298717,0.0535079762339592,0.11236069351434708,0.00618840754032135,0.010442446917295456],[-0.025768743827939034,-0.02895285002887249,0.01947943866252899,0.00834207609295845,-0.018185440450906754,0.06929093599319458,-0.016685478389263153,-0.010575540363788605,-0.08337070792913437,0.0357072539627552,0.11681946367025375,0.046900674700737,-0.09888722002506256,0.0518653579056263,-0.07749490439891815,0.035881493240594864,0.024083558470010757,-0.009388189762830734,-0.07396337389945984,0.034902237355709076],[-0.009342441335320473,0.007331252098083496,-0.06280871480703354,-0.025208905339241028,-0.05710132420063019,-0.01980808563530445,0.025124985724687576,0.01942022144794464,0.026042817160487175,0.0027264729142189026,0.04646195471286774,-0.046450451016426086,-0.010487254709005356,-0.012968050315976143,0.035881493240594864,-0.001834128051996231,0.010151169262826443,0.02675839699804783,0.014027448371052742,0.03208313509821892],[0.0018984097987413406,-0.007691375911235809,0.03541940450668335,0.008196663111448288,-0.028062941506505013,-0.01190844178199768,0.03486816585063934,-0.0216809194535017,0.012853631749749184,0.003989560529589653,-0.015554413199424744,-0.056698333472013474,-0.007206909358501434,0.0535079762339592,0.024083558470010757,0.010151170194149017,-0.011525232344865799,-0.03717660903930664,-0.005778782069683075,0.018315423280000687],[0.003315301612019539,-0.02549147978425026,-0.0021759197115898132,0.014590178616344929,-0.025250200182199478,0.02617705799639225,-0.04529660940170288,-0.03582426533102989,-0.035959381610155106,-0.04026813805103302,0.02706937864422798,0.024614986032247543,0.07483334839344025,0.11236069351434708,-0.009388189762830734,0.02675839699804783,-0.03717661276459694,-0.04144277796149254,-0.006483640521764755,-0.0049621048383414745],[0.003406418487429619,-0.026662252843379974,0.061150625348091125,0.08881166577339172,-0.033934563398361206,0.055899281054735184,-0.010219516232609749,-0.06911733746528625,0.02096293866634369,-0.004378899931907654,-0.02101515606045723,0.006677985191345215,0.08363138139247894,0.00618840754032135,-0.07396337389945984,0.014027448371052742,-0.005778782069683075,-0.006483640521764755,-0.000887066125869751,-0.08831572532653809],[-0.0504826158285141,-0.03144221380352974,0.001359374262392521,0.07764451205730438,-0.021057531237602234,-0.016183670610189438,0.04267192631959915,-0.013693921267986298,0.028899893164634705,-0.017655877396464348,-0.055756859481334686,-0.02706598863005638,0.07590468972921371,0.010442446917295456,0.034902237355709076,0.032083138823509216,0.018315425142645836,-0.004962104372680187,-0.08831572532653809,0.004392876289784908]],[[-0.06472107768058777,-0.00940600037574768,0.030877020210027695,0.010384839028120041,-0.05701528489589691,0.053427521139383316,0.09956890344619751,-0.08504635095596313,0.11963683366775513,-0.08174947649240494,-0.027399200946092606,0.05297382175922394,-0.05565671622753143,0.018848184496164322,-0.0037367641925811768,0.02832690067589283,0.020655497908592224,-0.03472490608692169,7.411837577819824e-05,-0.015317928045988083],[-0.00940600037574768,-0.007326275110244751,0.07716098427772522,0.05529782548546791,-0.08730095624923706,0.007721271365880966,0.0402166023850441,-0.10711739957332611,0.07136598974466324,-0.03818504512310028,-0.018311329185962677,0.04597366228699684,-0.027864616364240646,0.04355692118406296,0.08236464858055115,0.02462664246559143,-0.0188217144459486,-0.011495694518089294,-0.049018941819667816,-0.07343647629022598],[0.030877020210027695,0.07716098427772522,0.13231275975704193,0.08832293748855591,-0.13652639091014862,0.14375752210617065,0.006096340715885162,-0.06438050419092178,-0.09248094260692596,-0.0948278084397316,-0.16936522722244263,0.09788965433835983,0.05964449793100357,-0.004832647740840912,-0.05604258179664612,0.0992198958992958,0.12849195301532745,-0.07253921777009964,-0.12742197513580322,-0.045356251299381256],[0.010384839028120041,0.05529782548546791,0.08832293748855591,0.07089486718177795,-0.1121314987540245,0.07556009292602539,-0.03922472894191742,-0.1213269978761673,0.021864093840122223,-0.11157410591840744,-0.2293669581413269,0.07487477362155914,0.049759961664676666,0.08737684786319733,-0.007088214159011841,0.12168139219284058,0.06716305017471313,-0.067307248711586,-0.0024932771921157837,-0.03266763687133789],[-0.05701528862118721,-0.08730096369981766,-0.13652640581130981,-0.1121314987540245,0.057170569896698,0.006270300596952438,0.10048819333314896,0.06767922639846802,0.07460086047649384,0.025416046380996704,0.0852220430970192,-0.12426486611366272,0.18803997337818146,0.011667363345623016,0.09600796550512314,-0.13124021887779236,-0.04834342002868652,0.03402164950966835,-0.028524979948997498,-0.02123652771115303],[0.05342751741409302,0.007721271365880966,0.14375752210617065,0.0755600854754448,0.006270300596952438,-0.03674919903278351,0.015402697026729584,-0.06445606052875519,0.015892811119556427,-0.07691922783851624,0.024456027895212173,0.06257542222738266,-0.03751480579376221,0.05571157857775688,-0.06069650501012802,0.07455137372016907,-0.14296910166740417,-0.3715038597583771,0.1782170981168747,0.07726515829563141],[0.09956890344619751,0.0402166023850441,0.006096340715885162,-0.03922472894191742,0.10048819333314896,0.015402695164084435,-0.17367428541183472,-0.03733944892883301,-0.28250160813331604,0.12324992567300797,0.061847660690546036,0.042044732719659805,0.06395912915468216,0.022002877667546272,-0.13387441635131836,0.005500584840774536,0.09980117529630661,0.10853686928749084,-0.062014468014240265,-0.06008673831820488],[-0.08504635095596313,-0.10711739957332611,-0.06438050419092178,-0.1213269978761673,0.06767922639846802,-0.06445606052875519,-0.03733944892883301,0.314495325088501,0.21075522899627686,0.10603614151477814,0.15462666749954224,-0.051752880215644836,-0.1100405603647232,-0.16106969118118286,0.17670825123786926,-0.27399659156799316,-0.247786283493042,0.15893633663654327,0.04891050606966019,0.08616527915000916],[0.11963683366775513,0.07136598229408264,-0.09248094260692596,0.021864093840122223,0.07460086047649384,0.015892811119556427,-0.28250160813331604,0.21075522899627686,-0.1772054135799408,0.21491172909736633,0.07993405312299728,0.02828790247440338,-0.31463104486465454,0.03404827043414116,-0.18169298768043518,0.06400416791439056,0.1455797255039215,0.14182955026626587,-0.10585960745811462,-0.06833957880735397],[-0.08174947649240494,-0.03818504512310028,-0.0948278084397316,-0.11157411336898804,0.025416044518351555,-0.07691922783851624,0.12324992567300797,0.10603614151477814,0.21491172909736633,-0.06548677384853363,0.04691179096698761,-0.06130527704954147,-0.0915006548166275,0.013078870251774788,0.26666873693466187,-0.09281628578901291,-0.11040350049734116,0.034550707787275314,0.0029640328139066696,-0.009019803255796432],[-0.027399200946092606,-0.018311329185962677,-0.16936522722244263,-0.2293669581413269,0.0852220430970192,0.024456027895212173,0.061847660690546036,0.15462666749954224,0.07993405312299728,0.04691179096698761,0.11334197223186493,-0.14920514822006226,0.008993029594421387,-0.07476776838302612,0.09168875217437744,-0.11938944458961487,0.036979518830776215,0.05363059788942337,0.02493366226553917,0.005239373072981834],[0.05297382175922394,0.04597365856170654,0.09788966178894043,0.07487477362155914,-0.12426486611366272,0.06257542222738266,0.042044732719659805,-0.051752880215644836,0.02828790247440338,-0.06130527704954147,-0.14920514822006226,0.11794161796569824,-0.025525078177452087,0.09483007341623306,-0.07390696555376053,0.10008889436721802,-0.015172531828284264,-0.059190358966588974,-0.12081494927406311,-0.03634241968393326],[-0.05565671622753143,-0.027864612638950348,0.05964450538158417,0.049759961664676666,0.18803997337818146,-0.03751480579376221,0.06395912915468216,-0.1100405603647232,-0.31463104486465454,-0.0915006548166275,0.008993029594421387,-0.025525078177452087,0.08795291185379028,-0.0296039916574955,-0.0993092805147171,-0.06923189014196396,-0.05387965589761734,-0.23108452558517456,0.41622260212898254,0.2712706923484802],[0.018848184496164322,0.04355692118406296,-0.004832644015550613,0.08737684786319733,0.011667367070913315,0.05571157857775688,0.022002877667546272,-0.16106969118118286,0.03404827043414116,0.013078872114419937,-0.07476776838302612,0.09483007341623306,-0.029603995382785797,-0.0028082430362701416,-0.09670215845108032,0.08191604167222977,-0.005957198329269886,-0.07126102596521378,0.060560375452041626,-0.07659462839365005],[-0.0037367641925811768,0.08236464858055115,-0.05604258179664612,-0.007088214159011841,0.09600796550512314,-0.06069650501012802,-0.13387441635131836,0.17670825123786926,-0.18169298768043518,0.26666873693466187,0.09168875217437744,-0.07390696555376053,-0.0993092805147171,-0.09670215845108032,-0.1445586383342743,-0.02177649736404419,-0.020001709461212158,0.2574506103992462,-0.0906449556350708,0.01914256066083908],[0.02832689881324768,0.02462664246559143,0.0992198958992958,0.12168139219284058,-0.13124020397663116,0.07455137372016907,0.005500584840774536,-0.27399659156799316,0.06400416791439056,-0.09281628578901291,-0.11938944458961487,0.10008889436721802,-0.06923189014196396,0.08191604167222977,-0.02177649736404419,0.08655177056789398,0.09278947860002518,-0.03949601948261261,0.014281388372182846,-0.045591529458761215],[0.020655497908592224,-0.01882171630859375,0.12849193811416626,0.06716305017471313,-0.04834342747926712,-0.14296910166740417,0.09980117529630661,-0.247786283493042,0.1455797255039215,-0.11040350049734116,0.036979518830776215,-0.015172529965639114,-0.05387965589761734,-0.005957199260592461,-0.020001709461212158,0.09278947860002518,0.00503583624958992,-0.04492203891277313,0.07207123190164566,0.03968975692987442],[-0.03472490608692169,-0.011495694518089294,-0.07253921777009964,-0.067307248711586,0.03402164950966835,-0.3715038597583771,0.10853686928749084,0.15893633663654327,0.14182955026626587,0.03455070033669472,0.05363060161471367,-0.059190358966588974,-0.23108452558517456,-0.07126102596521378,0.2574506103992462,-0.03949601948261261,-0.04492203891277313,0.113905169069767,0.038409117609262466,0.06225412338972092],[7.411837577819824e-05,-0.049018941819667816,-0.12742196023464203,-0.0024932734668254852,-0.028524979948997498,0.1782170981168747,-0.062014468014240265,0.04891050606966019,-0.10585960000753403,0.0029640337452292442,0.02493366226553917,-0.12081494927406311,0.41622260212898254,0.060560375452041626,-0.0906449556350708,0.014281388372182846,0.07207123190164566,0.038409117609262466,-0.17090719938278198,-0.09894371032714844],[-0.015317928045988083,-0.07343647629022598,-0.04535624757409096,-0.03266763687133789,-0.02123652771115303,0.07726515829563141,-0.06008674204349518,0.08616527915000916,-0.06833957880735397,-0.009019805118441582,0.005239373072981834,-0.03634241968393326,0.2712706923484802,-0.07659462839365005,0.01914256066083908,-0.045591529458761215,0.03968975692987442,0.06225412338972092,-0.09894371032714844,0.021906327456235886]],[[-0.06335826218128204,-0.024659767746925354,0.007711743004620075,0.023729894310235977,-0.04122140258550644,0.03214447945356369,0.013533417135477066,-0.020860843360424042,-0.014996899291872978,0.012333730235695839,-0.02317340113222599,0.025004222989082336,0.15392372012138367,-0.023294933140277863,0.030010301619768143,0.007921180687844753,-0.007054179906845093,-0.08738046139478683,0.012387435883283615,-0.01269999798387289],[-0.024659767746925354,-0.1124834418296814,0.0766591727733612,0.06160404905676842,-0.04752911627292633,0.04934397339820862,-0.010636130347847939,-0.005003307014703751,-0.05484749376773834,0.00281558558344841,-0.04857385531067848,0.04173208773136139,0.14101989567279816,0.06276100128889084,-0.03882263973355293,0.01619872823357582,0.03370579704642296,-0.05395889654755592,-0.049110047519207,-0.040215712040662766],[0.007711743004620075,0.0766591727733612,-0.05405779182910919,-0.015541182830929756,0.05952586978673935,0.030282968655228615,-0.0879596695303917,0.010050587356090546,-0.022124800831079483,-0.025293031707406044,-0.010569889098405838,-0.00541224330663681,0.14624619483947754,-0.03676072508096695,-0.11388278752565384,-0.014166206121444702,-0.017839066684246063,-0.051063422113657,0.030378228053450584,0.09381607174873352],[0.023729894310235977,0.06160404533147812,-0.015541180968284607,-0.07323089241981506,0.011992279440164566,0.025421498343348503,-0.07826640456914902,0.09774883836507797,-0.008922968059778214,-0.024983413517475128,0.036644406616687775,-0.09867119044065475,0.1135844737291336,-0.02230009436607361,-0.037584513425827026,0.008484682999551296,0.01559501700103283,-0.03828108683228493,0.05588920786976814,-0.05291281268000603],[-0.04122140258550644,-0.04752911627292633,0.05952586978673935,0.011992279440164566,0.04830484092235565,0.017122264951467514,0.031554605811834335,0.014257639646530151,0.0474909208714962,0.016623983159661293,0.0021298304200172424,0.06700122356414795,-0.2110140025615692,0.003740217536687851,0.01892498880624771,-0.001192016527056694,0.012094050645828247,0.13068638741970062,-0.12388357520103455,-0.05660907179117203],[0.03214448317885399,0.04934397339820862,0.030282972380518913,0.025421496480703354,0.017122264951467514,0.05906914919614792,-0.05324045941233635,-0.10771596431732178,-0.030448660254478455,-0.028268592432141304,0.007444428279995918,0.01138295978307724,0.0899200513958931,-0.04616135358810425,-0.07141220569610596,0.0433763787150383,0.029935207217931747,-0.07873687148094177,0.0014654342085123062,0.019075315445661545],[0.013533417135477066,-0.010636130347847939,-0.0879596695303917,-0.07826639711856842,0.03155460208654404,-0.05324045941233635,-0.15021651983261108,0.07279396057128906,0.0639299601316452,0.022217366844415665,-0.032495804131031036,0.026221413165330887,0.07121188938617706,0.03366586193442345,0.17199566960334778,-0.02671166881918907,0.023215979